9.94	11.25	9.45	6.26	3.53	7.63	5.31	9.75	5.17	7.29	4.72	8	10.23	8.31	7.53	9.42	11.52	8.65	9.02	5.31	4.42	10.13	7.57	9.91																						9.486
9.99	11.18	9.37	6.29	3.51	7.54	5.28	9.65	5.07	7.2	4.9	7.94	10.14	8.19	7.41	9.27	11.44	8.52	8.94	5.35	4.45	10.09	7.7	9.84																						9.491
10.04	11.12	9.31	6.32	3.46	7.46	5.17	9.54	7.77	7.14	7.84	7.86	10.04	8.08	7.3	9.14	11.36	8.39	8.86	5.43	4.59	10.03	7.76	9.78																						9.516
10.12	11.05	9.22	6.33	3.4	7.35	5.09	9.42	7.83	7.1	7.88	7.81	9.92	7.97	7.22	8.98	11.29	8.27	8.78	5.52	4.59	9.96	7.82	9.71																						9.496
10.17	10.99	9.1	6.34	3.37	7.22	5.02	9.29	7.91	7.05	7.92	7.81	9.79	7.86	7.12	8.82	11.22	8.13	8.7	5.58	4.57	9.87	5.78	9.63																						9.476
10.24	10.94	9.03	6.36	3.33	7.08	7.48	9.18	7.98	7.01	7.96	7.79	9.65	7.72	7.01	8.67	11.15	8.03	8.62	5.65	4.6	9.78	5.76	9.54																						9.471
10.31	10.88	8.91	6.4	3.3	4.03	7.52	6.11	8.06	6.74	4.96	7.73	9.5	7.58	6.85	8.54	11.07	5.6	8.53	5.69	4.59	9.66	5.72	9.45																						9.461
10.37	10.81	8.79	6.42	3.26	4.18	5.09	6.29	5.01	6.86	4.86	7.69	9.37	7.43	6.68	8.39	11.01	5.75	8.41	5.74	4.63	9.54	5.67	9.39																						9.456
11.42	10.74	8.63	6.44	3.23	8.51	5.15	6.44	5.04	10.54	4.76	7.66	9.26	7.27	6.58	8.25	10.96	5.92	8.29	5.84	4.73	9.43	5.6	9.33																						9.441
11.4	10.69	8.47	6.46	3.22	8.54	5.29	6.47	5.03	10.6	4.72	7.64	9.18	7.16	6.53	5.3	10.9	5.98	6.97	5.97	4.79	9.32	5.52	9.25																						9.426
11.39	10.62	6.68	6.48	3.2	8.59	5.37	6.45	8.3	7.1	4.87	7.67	9.08	7.02	6.45	5.26	10.83	5.04	7.02	6.13	4.91	9.24	5.54	8.76																						9.411
11.37	10.52	8.11	6.47	3.19	8.62	5.39	6.37	8.37	7.23	8.08	7.72	8.98	6.91	6.34	5.25	10.77	5.05	7.02	6.27	5.15	7.86	5.65	8.76																						9.391
11.36	10.44	7.93	6.41	3.2	8.65	5.43	6.28	8.45	7.33	8.09	7.74	8.92	6.78	6.26	5.29	10.71	5.02	7.01	6.33	5.27	7.88	5.76	8.76																						9.381
10.73	10.35	7.73	6.31	3.16	8.68	5.44	6.16	8.53	7.43	8.1	7.74	5.88	6.67	6.18	5.36	10.64	5.77	7.89	6.35	5.31	7.9	5.79	8.77																						9.371
10.78	10.26	7.59	6.25	3.13	8.7	5.43	6.06	8.61	7.52	8.11	7.71	5.86	6.58	6.09	5.41	10.58	6.04	7.75	6.38	5.3	7.94	5.75	8.78																						9.351
10.82	10.18	7.47	6.21	3.15	8.71	5.38	5.93	8.68	7.61	8.11	7.69	5.82	6.49	5.99	5.39	10.52	5.98	7.6	6.39	5.19	9.69	5.73	8.78																						9.341
10.87	10.08	7.37	6.19	3.21	8.72	5.29	5.77	8.76	7.67	8.12	7.66	5.73	6.41	5.88	5.41	10.45	5.89	7.47	6.42	5.21	9.04	5.7	8.76																						9.326
10.92	7.87	7.24	6.19	3.23	8.73	5.29	5.58	8.83	7.73	8.16	7.61	5.59	6.36	5.75	7	10.37	5.76	7.34	6.49	5.2	9.08	5.8	8.74																						9.316
10.99	7.88	7.11	6.21	3.2	6.9	5.37	7.38	8.89	7.77	8.21	7.57	7.98	6.29	5.59	6.89	10.29	5.63	7.2	6.55	5.04	9.1	5.95	8.73																						9.311
11.02	7.91	7.01	6.23	3.24	6.8	5.46	7.3	8.95	7.88	8.26	7.5	7.89	6.24	5.43	6.78	10.24	5.53	7.06	4.65	4.92	9.14	6.15	8.7																						9.291
11.06	7.94	6.07	6.23	3.31	6.69	5.52	7.22	9.02	11	8.29	7.42	7.74	6.16	5.28	6.68	10.18	5.43	7.41	4.51	5.11	9.16	6.37	8.67																						9.271
11.1	7.94	6.07	6.25	3.36	6.52	5.57	7.12	9.1	11.01	8.32	7.37	7.6	6.11	5.18	6.62	10.1	5.35	7.53	4.42	5.38	9.18	6.57	8.63																						9.256
11.17	7.89	6.05	6.29	3.36	6.42	5.67	7.06	9.19	11.02	7.1	7.28	7.46	6.1	5.08	6.59	10.03	5.33	7.61	4.44	5.54	6.99	6.7	8.58																						9.241
11.21	7.87	6.05	6.34	3.37	6.25	5.75	7.01	9.25	11.02	7.18	7.22	7.33	6.07	5.09	6.53	9.95	5.35	7.7	4.45	5.61	7.01	6.82	8.54																						9.216
11.27	7.85	6.48	6.38	3.57	6.13	5.83	6.95	9.32	7	7.29	7.14	7.22	6.01	5.16	6.45	9.85	5.41	7.77	4.42	5.61	7.07	6.96	8.52																						9.186
11.3	7.8	6.42	6.42	3.76	6.03	5.97	6.87	9.42	7	7.36	7.04	7.13	6.04	5.15	6.34	9.75	5.43	4.95	4.49	5.64	7.08	7.06	8.53																						9.146
11.32	7.77	6.34	6.45	3.78	3.79	6.17	6.78	9.48	10.99	7.41	6.94	7.05	6.14	4.99	6.22	9.65	5.43	4.83	4.51	5.77	7.06	7.13	8.54																						9.106
11.34	7.73	6.2	6.48	3.69	4.08	6.38	6.64	9.56	10.96	7.45	6.86	5.7	6.21	5.05	6.09	9.54	5.41	4.71	5.08	5.94	7.04	7.22	8.83																						9
11.37	7.34	6.04	6.48	3.4	4.31	6.52	6.49	9.64	10.93	7.5	6.75	5.8	6.23	5.05	5.98	9.42	5.59	4.69	5.09	6.16	7.04	7.3	8.83																						
11.39	7.3	5.87	6.5	3.4	4.56	6.7	6.32	9.71	10.89	7.59	6.66	6.07	6.26	4.92	5.87	9.29	5.78	4.88	5.22	6.25	7.02	7.44	8.81																						
11.4	7.3	5.74	6.51	3.37	4.82	8.15	6.19	9.78	8.55	8.48	6.58	7.21	6.34	4.1	5.74	9.18	5.83	7.98	6.83	6.4	7.05	8.65	8.81																						
11.41	8.62	5.61	6.52	3.59	3.54	6.93	6.06	7.62	6.49	7.73	6.52	4.28	6.34	4.45	5.61	9.08	5.33	6.2	6.55	6.44	7.11	8.7	8.81																						
11.43	8.51	5.61	6.54	3.55	3.49	7.14	5.96	7.7	6.53	7.79	6.48	4.63	6.3	4.33	5.49	7.4	5.26	6.22	6.49	6.46	7.16	8.76	8.8																						
11.44	8.4	5.82	6.57	3.51	3.41	7.24	5.97	9.98	6.56	8.63	6.44	4.99	6.26	4.21	5.41	7.38	5.18	6.24	6.42	6.49	7.28	5.79	8.78																						
11.45	8.32	6.08	6.61	3.42	3.47	7.35	6.02	10.04	6.57	8.68	6.35	5.37	6.17	4.1	5.35	7.36	5.03	6.31	6.33	6.5	7.37	8.82	8.78																						
11.45	8.24	6.22	6.6	3.38	3.66	7.41	6.06	10.1	6.6	8.72	6.28	5.73	6.13	4.03	5.31	6.94	5.5	6.41	6.22	6.46	7.46	7.88	8.77																						
11.45	8.15	6.39	6.57	3.36	3.81	8.41	6.05	10.17	6.67	8.77	6.28	5.9	6.09	4	5.26	6.84	5.54	6.5	6.16	6.44	7.55	7.92	8.79																						
11.44	8.06	6.55	6.54	3.31	8.43	8.5	4.26	10.24	10.45	8	6.37	5.97	6	5.22	5.23	6.78	7.72	6.62	6.16	6.43	7.64	7.98	8.8																						
11.44	7.99	6.67	6.48	3.24	8.48	7.57	4.42	8.11	10.51	8	6.47	6.01	5.89	5.42	5.23	6.74	7.8	4.87	6.16	6.43	7.7	8.02	8.8																						
11.68	7.96	6.73	6.43	3.17	8.93	7.59	4.48	8.17	10.26	8.02	6.58	6.01	5.75	5.57	5.28	6.72	7.88	6.88	6.17	6.48	7.74	8.05	8.8																						
11.71	7.9	6.72	6.39	3.09	8.94	7.6	4.49	8.24	10.19	8.05	6.65	5.96	5.58	4.45	5.2	6.71	7.93	7.85	6.24	6.55	7.79	8.09	8.79																						
11.78	7.88	6.03	6.38	3.02	8.95	7.61	4.5	10.68	10.64	8.07	6.71	5.9	5.4	4.46	5.37	6.71	5.96	7.84	6.38	6.66	7.83	8.13	8.81																						
11.8	7.86	5.57	6.41	4.34	8.99	7.63	4.57	10.79	10.69	8.95	6.81	5.87	5.28	4.58	5.55	6.76	5.92	7.8	6.44	6.75	9.69	8.18	8.87																						
11.81	7.83	5.66	6.45	4.38	9.02	7.64	4.66	10.92	10.73	8.97	6.87		5.2	4.71	5.65	6.84	5.83	7.74	6.44	6.8	9.69	8.2	8.89																						
11.34	7.83	5.65	6.5	4.43	9.05	7.62	4.66	11.02	10.77	8.97	6.87	6.65	5.17	4.72	5.72	6.93	8.12	7.01	6.48	6.84	9.69	8.22	8.93																						
11.33	7.86	5.52	6.54	4.46	9.07	7.62	4.31	11.11	10.81	8.99	6.87	6.76	5.17	4.67	5.87	7.02	5.73	7.02	6.61	6.86	9.69	8.23	8.94																						
11.34	7.88	6.41	6.64	4.43	9.08	7.6	4.26	11.19	10.84	8.99	6.85	6.88	5.12	4.66	6.2	7.07	5.66	7.04	6.75	6.9	9.29	8.24	8.99																						
11.33	7.89	6.34	6.76	4.35	9.1	7.57	4.18	11.27	10.88	8.99	6.81	6.96	5.11	4.78	4.53	7.11	5.63	7.09	6.87	6.95	9.7	5.27	9.04																						
11.32	7.42	6.25	6.87	4.24	9.12	7.58	4.13	11.32	10.91	8.98	6.79	7.09	5.2	4.88	5.45	7.13	5.68	7.13	6.94	7	9.72	8.31	9.09																						
11.32	7.41	6.16	6.96	4.18	8.73	7.59	5.42	11.41	10.95	8.95	6.75	5.44	5.29	4.97	5.42	7.18	5.78	7.26	6.88	7.01	9.73	8.37	9.13																						
11.32	7.42	6.09	6.99	4.26	3.87	7.65	5.29	11.47	10.97	8.93	6.73	5.29	5.4	5.04	5.31	7.23	5.89	7.33	6.54	7.03	9.73	8.43	9.18																						6.336
11.33	7.44	5.04	7.02	4.35	3.71	7.72	5.23	11.5	7.53	8.9	6.71	5.16	5.59	5.05	5.15	7.3	6	7.53	6.51	7.06	9.73	8.48	9.2																						6.276
11.34	7.45	5.06	7.07	3.18	3.59	7.83	5.19	11.52	7.48	8.86	6.67	5.07	5.73	5.04	5.51	7.34	6.06	7.52	6.55	7.11	9.75	8.5	9.22																						6.376
11.35	7.43	5.11	7.12	3.21	3.52	7.89	5.18	11.56	7.41	8.36	6.62	5.02	5.82	5.03	4.22	7.35	6.1	7.5	6.61	7.26	9.22	8.52	9.27																						6.406
11.36	7.4	5.11	7.17	3.16	3.54	7.96	5.2	11.6	7.31	8.37	6.6	5.04	5.86	5	4.17	7.37	5.17	7.49	6.78	7.35	9.23	8.52	9.31																						6.341
11.37	7.36	5.26	7.22	3.13	3.59	8	5.32	11.6	11.01	8.4	6.67	5.15	5.85	4.93	4.08	7.39	5.34	7.47	6.86	7.44	9.24	8.56	9.34																						6.276
11.37	7.34	5.2	7.27	3.17	3.66	8	5.47	11.6	11	8.42	6.71	5.4	5.84	4.79	4.03	7.43	5.33	7.83	6.93	7.5	9.28	8.55	9.4																						6.211
11.38	7.32	5.17	7.3	3.21	8.56	8.02	5.54	11.59	8.72	8.43	6.74	5.59	5.8	4.68	3.98	7.43	5.39	6.43	5.08	7.55	9.33	8.54	9.45																						6.216
11.31	8.63	5.89	8.5	6.66	8.63	9.55	4.18	10.73		8.06	8.29	8.16	5.69	8.15	3.78	7.41	8.4	6.72	7.18	9.22	9.4	9.68	9.61																						6.251
11.47	7.7	5.41	7.69	3.5	8.07	8.19	5.34	9.85	10.2	8.56	6.72	6.32	5.83	4.02	5.01	7.41	5.81	7.87	6.86	7.69	9.43	9.54	8.56																						6.256
11.49	7.69	5.76	7.78	3.83	8.12	8.22	5.21	9.92	10.24	8.58	6.76	6.41	5.99	3.97	5.22	8.15	5.74	7.96	6.88	7.71	9.46	9.54	8.59																						6.246
11.51	7.68	5.7	7.86	4.08	8.17	8.27	5.09	11.62	10.29	7.23	6.78	6.42	6.14	3.95	5.41	8.12	5.65	7.96	6.94	7.76	9.48	9.54	8.63																						6.226
11.53	7.67	5.7	7.96	4.17	8.22	8.32	4.26	11.61	10.33	7.23	6.78	6.42	6.25	4.19	5.37	8.12	5.56	7.95	7.01	7.81	9.51	9.57	8.66																						6.246
11.55	7.59	5.78	8.08	4.24	8.28	8.36	4.23	11.6	10.38	7.19	6.78	6.46	6.3	4.66	5.22	7.31	7.53	7.91	7.11	7.85	9.53	8.86	8.66																						6.266
11.58	7.54	5.88	8.15	4.32	8.35	9.25	4.18	11.59	10.41	7.23	6.79	6.49	6.33	4.99	5.07	7.28	7.64	7.88	7.18	7.88	9.56	8.91	8.68																						6.186
11.61	7.44	5.94	8.17	4.36	8.87	9.22	5.94	11.56	10.44	8.8	6.8	6.5	6.38	6.76	4.77	7.24	8.32	7.87	7.25	7.93	9.58	8.97	8.7																						6.111
11.65	7.37	6	8.21	4.3	8.91	8.58	5.94	10.34	10.34	8.83	6.8	6.51	6.43	6.83	4.96	7.24	8.28	6.76	7.26	7.96	9.62	9.01	8.73																						6.066
	7.3	6.06	8.24	4.31	8.87	8.64	5.96	10.44	8.35	8.87	6.76	6.52	6.43	6.91	5.04	7.25	8.24	7.88	7.22	9.34	9.65	9.05	8.74																						6.121
	7.25	6.06	8.27	4.32	8.87	8.7	6	10.56	8.31	8.91	6.69	6.51	6.4	4.13	9	7.24	8.19	7.61	7.21	9.35	9.67	9.08	8.77																						6.181
	7.22	7.16	8.29	4.32	8.82	8.75	6.01	11.48	8.27	8.94	6.65	6.48	6.38	4.26	9.05	7.19	7.99	7.63	7.25	9.35	9.67	9.12	9.97																						6.201
	7.25	6.65	8.3	5.53	8.78	8.79	6.06	11.45	8.22	7.55	6.61	6.44	6.33	4.35	9.08	7.13	8.01	7.63	7.26	9.34	9.51	9.17	9.99																						6.171
	7.33	6.6	8.31	5.58	8.73	8.83	6.13	11.4	8.16	7.55	6.58	5.89	6.26	4.38	9.11	7.08	8.07	7.63	7.29	9.33	9.48	9.2	10.01																						6.141
11.82	7.38	6.54	8.32	5.63	8.73	8.87	6.19	11.37	8.09	7.54	6.46	7.88	6.21	4.42	9.15	7.02	8.11	7.67	7.33	9.33	9.42	9.22	10.05																						6.096
11.83	7.36	6.48	8.33	5.67	8.74	8.91	4.62	11.33	8.03	7.54	6.33	7.85	6.19	4.41	9.18	6.95	8.17	7.6	7.34	9.32	9.34	9.24	10.1																						6.086
11.82	7.35	5.65	8.33	5.72	8.75	8.97	4.56	11.27	7.95	7.53	6.17	7.81	6.19	4.32	9.2	6.88	8.21	7.54	7.38	9.32	8.19	9.27	10.13																						
11.81	7.41	5.52	8.34	5.74	8.76	9.03	4.49	11.25	7.85	7.55	7.49	7.76	6.21	4.22	6.42	6.81	8.22	7.5	7.42	9.29	9.21	9.31	10.15																						
11.8	7.35	5.39	8.36	5.82	8.8	9.06	4.48	11.22	7.78	7.54	7.56	7.71	6.27	4.22	4.52	6.75	8.25	7.48	7.45	9.27	9.17	9.35	10.18																						
11.79	7.33	5.24	8.39	5.92	9.13	9.08	4.16	11.2	7.7	7.54	7.64	7.21	6.29	4.38	4.44	6.69	8.27	7.46	7.01	8.79	8.32	9.38	10.22																						
11.77	7.31	5.12	8.41	6.02	8.73	9.11	4.22	11.16	7.61	7.55	7.69	7.28	6.32	4.5	4.35	7.78	8.28	7.49	6.81	8.83	8.32	9.41	10.23																						
11.75	7.3	7.7	8.43	6.11	8.73	9.13	4.26	11.14		7.58	7.76	7.33	6.33	4.44	4.29	7.77	8.3	7.39	6.8	8.87	8.29	9.44	10.26																						
11.72	7.26	7.71	8.44	4.32	8.69	9.15	4.25	11.11		7.65	7.8	7.37	6.31	4.36	4.29	7.76	8.31	7.34	6.81	8.9	8.3	9.48	10.29																						
11.68	7.23	7.71	8.43	4.22	8.65	9.17	4.33	11.07		8.81	7.86	7.36	6.3	4.39	6.46	7.72	8.29	7.31	6.86	8.94	9.74	9.52	10.31																						
11.65	7.18	7.72	8.45	4.13	8.61	9.19	4.42	11.04		8.74	7.91	7.35	6.29	4.38	6.37	7.67	6.2	7.3	6.92	8.97	9.72	9.54	10.33																						
11.62	7.16	6.03	8.44	4.09	8.59	9.22	4.41	11.01	8.92	8.68	7.99	7.34	6.24	4.34	6.31	7.67	6.33	7.24	6.91	9.01	9.7	9.55	10.34																						
11.57	7.16	6.02	8.48	4.1	8.58	9.25	4.34	10.97	8.8	8.58	8.07	7.34	6.13	4.23	6.29	7.71	6.41	6.92	6.88	9.05	9.7	9.55	10.35																						
11.53	7.17	6.04	8.49	4.16	9.16	9.27	4.26	10.93	7.09	8.48	8.1	7.34	6.03	4.13	6.27	7.8	6.49	7.89	6.97	9.07	9.67	9.56	10.39																						
11.49	7.2	6.04	8.5	4.29	9.14	9.27	4.28	10.89	7.09	8.37	8.13	8	5.92	4.12	7.74	7.89	6.65	7.93	6.68	9.11	9.65	9.56	9.47																						
11.44	8.61	5.48	8.52	6.53	9.12	9.28	4.28	10.84	7.05	8.25	8.17	8.09	7.98	5.66	6.25	7.97	8.35	7.95	6.6	9.15	9.61	9.56	9.5																						
11.37	8.62	5.56	8.5	6.58	9.1	9.28	5.76	10.79		7.84	9.48	8.13	8.01	5.9	6.37	8.02	8.38	8	6.58	9.18	9.58	9.54	9.56																						
	7.75	7.98	7.3	6.33	8.4	9.87	6.8				10.91	9.57	8.56	7.41	9.18	8.08	7.59	6.43	8	9.1	9.58	10.77	11.36																						
	7.28	5.82	8.5	4.81	8.65	9.28	4.16	11.63	10.85	8.11	6.39	7.17	5.74	6.13	3.78	8.12	7.1	7.44	7.19	9.26	9.56	9.71	9.65																						6.391
	7.27	5.77	8.5	5	8.69	9.3	4.12	11.62	10.8	8.02	6.56	7.18	5.78	6.26	3.84	8.16	7.22	7.49	7.25	9.29	9.54	9.75	9.68																						6.436
	7.25	5.89	8.52	5.08	8.72	9.28	4.19	10.48	10.73	7.88	6.76	7.21	5.81	6.35	3.93	8.15	7.32	7.5	7.32	9.32	9.51	9.79	9.71																						6.466
	7.21	6.04	8.51	5.15	8.77	9.27	5.87	10.4	10.67	7.88	6.9	7.27	5.9	6.45	4.01	8.15	7.43	7.49	7.4	9.33	9.52	9.84	9.75																						6.566
	7.17	6.22	8.47	5.24	8.81	9.27	5.9	10.3	10.59	7.89	7.03	7.36	6.05	6.56	4.25	6.68	8.38	7.46	7.42	9.33	9.54	9.57	9.79																						6.756
	7.15	6.39	8.48	5.33	8.85	9.01	5.91	10.2	10.52	7.9	7.1	7.51	6.16	6.7	4.6	6.77	8.34	7.45	7.43	9.33	9.51	9.55	9.82																						7.001
	7.12	6.55	8.49	5.34	8.92	9.02	7.16	10.09	8.36	7.27	7.14	7.63	6.21	8.06	6.78	6.83	7.54	7.46	7.43	9.33	9.53	9.57	9.85																						7.186
	7.08	6.75	8.51	5.34	8.9	9.18	7.17	11.51	8.36	7.34	7.18	7.68	6.24	8.06	6.89	6.9	7.15	7.88	7.42	9.33	9.53	9.59	9.93																						7.336
	7.06	6.94	8.48	5.39	7.77	9.13	7.18	11.47		7.41	7.2	7.73	6.28	8.07	6.96	7	7.15	7.55	7.4	9.01	9.53	9.6	9.94																						7.456
	7.08	7.06	8.45	5.45	7.73	9.07	7.2	11.5		7.46	7.21	7.79	6.41	5.72	9.32	7.07	7.15	7.39	7.37	8.97	9.53	9.59	9.95																						7.566
	7.11	8.35	8.46	5.47	7.73	9	7.21	9.65		7.52	7.2	7.83	6.53	5.86	9.38	7.19	8.15	7.4	7.39	8.93	9.52	9.59	10.8																						7.636
	7.18	6	8.51	7.37	7.74	8.96	7.22	9.53		7.93	7.19	7.87	6.58	5.89	9.41	7.32	8.09	7.4	7.43	8.89	8.14	9.58	10.85																						7.716
	7.26	5.96	8.52	7.4	7.75	8.82	7.07	10.51		7.94	7.22	6.57	6.83	5.89	9.44	7.42	8.11	7.4	7.46	8.88	8.12	9.57	10.91																						7.771
	7.3	5.89	8.53	7.43	7.74	8.83	7.07	10.5		7.99	7.3	7.31	6.94	5.85	9.47	7.5	7.6	7.62	7.46	8.88	8.12	9.57	10.94																						7.831
	7.29	5.78	8.59	7.45	7.73	8.8	6.22	10.5		8.01	7.35	7.34	7.03	5.73	9.51	7.61	8.09	7.58	7.47	8.87	8.13	9.55	10.97																						7.906
	7.29	7.49	8.64	7.47	7.69	8.96	6.21	10.48		8.02	7.41	7.37	7.12	5.61	9.54	7.67	8.09	7.54	7.45	8.82	10.08	9.51	11.03																						7.986
	7.31	7.54	8.65	7.52	7.67	8.98	6.23	10.46		8.06	9.21	7.38	7.13	5.47	9.22	7.74	8.13	7.51	7.43	8.77	8.25	9.48	11.07																						8.046
	8.42	7.61	8.66	7.55	7.63	9	6.27	10.44		8.11	9.25	7.38	7.16	5.3	6.54	7.77	8.16	7.47	7.41	8.98	8.27	9.5	11.11																						8.096
	8.46	7.65	8.66	7.57	8.81	9.01	4.52	10.36		8.11	9.29	7.63	7.18	5.11	6.58	7.78	8.21	7.45	7.43	9.29	9.09	9.5	11.14																						8.161
	8.5	7.67	8.65	7.57	9.13	9.07	4.62	10.37		8.12	9.31	7.55	7.24	4.92	6.62	8.15	8.22	7.42	7.01	9.26	9.14	9.47	11.18																						8.206
	8.51	8.32	8.64	7.57	9.14	9.13	4.67	10.33		8.15	9.34	7.46	7.32	4.76	6.6	8.15	8.22		6.99	9.23	9.17	9.43	11.22																						8.251
	8.51	8.31	8.62	6.17	9.15	9.16	4.66	10.29		8.2	9.37	7.38	7.43	4.68	6.6	8.16	8.19		6.9	9.24	9.22	9.4	11.25																						8.266
	8.53	8.29	8.59	6.23	9.17	9.2	4.61	10.24		7.71	9.39	7.3	7.57	4.74	9.22	8.17	8.15	7.08	6.83	9.19	8.32	9.4	11.28																						8.256
	8.54	8.28	8.56	6.29	9.17	9.23	4.57	10.16		7.76	9.4	7.22	7.67	4.91	7.94	8.17	8.29	7.07	6.8	9.15	8.29	9.42	11.31																						8.251
	8.56	5.1	8.52	6.32	9.17	9.25	4.64	10.07	7.18	7.82	9.41	7.14	7.76	4.97	8.03	8.18	8.29	6.99	6.79	9.13	8.28	9.45	11.32																						8.216
	8.58	5.09	8.47	6.36	9.17	9.28	4.83	9.96	7.11	7.86	9.43	7.05	7.85	4.96	8.1	8.2	8.28	7.66	6.73	9.12	8.28	9.47	11.35																						8.186
	8.61	5.16	8.44	6.43	8.65	9.37	5.01			7.86	9.45	6.97	7.89	5.07	8.12	8.17	8.29	6.84	6.78	9.12	9.42	9.55	11.37																						8.171
	8.63	5.33	8.43	6.48	8.61	9.42	5.34			7.86	9.46	8.79	7.93	5.37	8.18	8.16	8.32	6.98	6.6	9.1	9.47	9.62	10.42																						8.196
	8.42	7.95	8.43	7.36	8.56	9.47	5.66			7.86	9.47	8.83	8.46	8.06	8.28	8.17	8.01	6.88	6.65	9.08	9.52	9.64	10.44																						8.241
	8.41	7.95	8.42	7.34	8.5	9.51	6.75			8.44	9.93	8.85	8.51	8.11	8.36	8.17	7.96	6.78	6.7	9.04	9.54	9.66	10.47																						8.286
	7.39	5.66	8.4	6.73	9.08	9.01	5.79	10.66	8.52	7.16	8.33	6.72	8.05	8.16	6.48	8.16	8.45	6.73	8.06	9.01	9.6	10.79	10.49																						8.321
	7.51	7.99	8.4	6.85	9.06	9.02	5.82	10.58	8.49	7.19	8.43	6.74	8.07	8.16	6.56	7.98	8.45	6.84	8.09	9	9.63	10.8	10.51																						8.331
	7.59	8	8.38	6.91	9.04	9.02	5.84	10.42	8.44	8.58	8.49	6.73	8.13	8.15	6.59	7.99	8.44	6.95	8.11	8.98	9.68	10.8	10.58																						8.336
	7.69	8.03	8.33	6.95	9.01	9.02	6.97	10.43	8.41	8.63	8.56	6.72	8.18	8.12	6.61	8	8.4	7.09	8.1	8.98	9.71	10.81	10.6																						8.316
	7.79	8.08	8.31	6.97	9	9.02	7.05	10.45	8.38	8.67	8.61	6.71	8.2	8.1	6.64	8.14	7.64	7.22	8.09	9.02	9.72	9.87	10.62																						8.301
	7.86	8.13	8.29	6.99	8.96	9.76	7.12	10.47	8.36	8.7	8.66	6.71	8.23	8.07	6.7	8.2	7.58	7.26	8.12	9.02	9.74	9.93	10.65																						8.281
	7.94	8.18	8.27	7.04	7.97	9.78	6.91	10.48		7.92	8.73	6.7	8.28	6.85	8.79	8.17	7.14	7.32	8.1	9.03	9.8	9.94	10.68																						8.286
	8.02	8.24	8.23	7.08	7.8	9	6.87	9.98		7.93	8.82	6.73	8.25	6.91	8.88	8.16	7.87	7.5	8.1	9.03	9.84	9.97	10.7																						8.346
	8.07	8.28	8.17	7.11	8.02	9	6.93	9.87		7.93	8.89	6.79	8.26	6.91	8.94	8.16	7.94	7.37	8.12	7.47	9.87	10.01	10.72																						8.406
	8.12	8.31	8.11	7.17	8.03	9	6.99	9.76		7.94	8.95	6.85	8.27	6.99	10.41	8.18	7.99	6.15	8.14	7.36	8.11	10.05	10.76																						8.431
	8.17	8.64	8.01	7.26	8.06	8.99	7.03	10.53		7.93	9.01	7.01	8.3	7.07	10.46	8.2	7.17	6.12	8.17	7.24	8.15	10.05																							8.471
	8.22	7.26	7.92	7.31	8.08	8.99	7.05	10.53		8.72	9.05	7.16	8.32	7.15	10.51	8.2	7.21	6.19	8.17	7.16	9.95	10.11																							8.531
	8.25	7.34	7.83	7.27	8.07	8.98	6.78			8.72	9.08	7.89	8.35	7.22	10.56	8.21	7.57	6.19	8.19	7.19	9.99	10.15																							8.596
	8.29	7.4	7.77	7.25	8.09	8.97	6.77			8.71	9.12	8.48	8.38	7.27	10.6	8.23	7.27	7.4	8.19	7.34	10.03	10.19																							8.691
	8.32	7.44	7.77	7.19	8.12	8.96	7.07			8.7	9.16	8.55	8.45	7.28	10.64	8.24	7.61	7.39	8.19	7.41	10.07	10.23																							8.796
	8.35	8.35	7.76	7.13	8.18	10.17	7.04			8.68	9.19	8.57	8.47	7.25	10.68	8.24	7.63	7.36	8.18	9	10.51	10.26																							8.901
	8.39	8.36	7.72	7.06	8.21	10.23	7			8.67	9.55	8.66	8.46	7.23	9.6	8.24	7.65	7.31	8.18	9	10.1	10.3																							8.971
	8.34	8.35	7.68	7	8.24	10.29	7			8.66	9.56	8.7	8.43	7.26	9.22	8.21	7.68	7.23	8.15	9.46	10.12	10.34																							9.016
	8.34	8.35	6.06	6.95	7.58	10.35	6.32			8.66	9.58	7.37	8.42	7.32	9.23	8.18	7.74	7.11	7.45	8.99	10.13	10.45																							9.066
	8.34	8.34	6.1	6.9	8.8	10.42	6.38			8.66	9.61	7.41	8.41	7.38	9.24	7.63	7.78	6.31	7.41	8.99	10.15	10.47																							9.146
	8.32	9.02	6.05	6.85	8.79	10.53	6.48			8.63	9.64	7.51	8.38	7.46	9.24	7.64	7.78	6.48	7.4	8.65	10.17	10.51																							9.216
	8.33	9.05	5.95	7.55	8.78	10.61	6.54			8.61	9.66	7.59	8.36	7.47	9.24	8.94	7.8	6.72	7.36	8.75	10.2	10.54																							9.276
	8.33	9.07	7.41	7.56	8.75	10.7	6.59			8.22	9.69	7.69	8.35	7.5	9.76	9	7.79	6.88	7.32	8.81	9.27	10.57																							9.351
	8.34	9.1	7.38	7.57	8.72	10.78	6.62			8.27	9.75	7.79	8.35	7.54	9.2	7.68	8.12	6.98	7.31	8.85	9.31	10.59																							9.421
	8.35	7.73	7.37	7.56	8.7	10.84	6.63			8.32	9.77	7.86	8.33	7.63	9.18	7.76	8.1	6.98	7.3	8.88	9.34	10.62																							9.471
	8.37	7.75	7.38	7.53	8.67	10.91	6.64			8.3	9.81	7.89	8.33	7.7	9.17	7.81	8.1	8.18	7.29	8.91	9.37	10.66																							9.531
	8.4	7.82	7.44	7.48	8.69	10.97	6.63			8.31	9.85	7.95	8.36	7.87	9.15	7.8	8.09	7.27	6.61	8.93	10.35	10.7																							9.586
	8.41	7.9	7.48	7.44	8.76	11.02	6.65			8.33	9.87	9.46	8.4	7.99	9.13	7.91	8.05	6.73	7.29	8.94	10.38	10.73	11.37																						9.631
	7.74	8.14	7.45	6.16	8.82	11.07	6.68			8.4	9.89	9.52	8.85	7.35	9.12	7.96	7.67	6.65	7.25	8.96	10.41	10.74	11.37																						9.691
	7.74	8.11	7.38	6.24	8.86	11.11	6.73			8.22	10.85	9.55	8.85	7.27	9.17	8	7.63	6.53	7.22	8.97	10.42	10.76	11.37																						9.746
	10.86	9.3	8.44	9.35									6.7	9.8	11.56	7.68	9.26					9.98																							9.786
	8.65	7.99	7.22	7.31	8.32	9.59	6.86	10.39	7.85	7.86	9.51	8.19	8.57	7.15	8.45	7.99	7.89	6.33	7.98	8.98	10.43	10.44																							9.826
	8.64	8.16	7.14	7.26	8.24	9.63	6.88	10.4	9.26	7.88	9.55	8.21	8.59	7.04	8.51	7.86	7.82	6.23	7.97	8.99	10.45	10.42																							9.876
	8.65	8.19	7.09	7.24	7.79	9.66	6.9		9.18	8.21	9.57	8.21	8.63	6.96	8.56	7.98	7.77	6.18	7.96	7.49	10.47	10.4																							9.916
	8.67	8.25	7.02	7.24	7.83	9.69	7.09		9.09	8.19	9.57	8.22	8.69	6.94	8.6	8.07	7.7	6.15	7.93	7.95	10.48	10.38																							9.961
	8.68	8.32	6.93	7.26	7.88	9.73	7.03			8.16	9.58	8.23	8.74	6.88	8.68	8.14	7.04	6.09	7.88	7.9	10.49	10.82																							10.016
	8.68	8.39	6.85	7.29	7.95	11.32	6.96			8.14	9.59	8.21	8.77	6.83	8.72	8.1	7.11	6.06	7.82	7.84	10.5	10.83																							10.031
	8.66	8.43	6.79	7.31	9.1	11.34	6.82			8.72	9.61	8.24	8.85	8.17	9.24	8.06	7.79	6.05	7.8	7.74	10.5	10.82																							10.056
	8.64	8.49	6.74	7.34	8	9.83	6.82	10.48		8.74	9.65	8.24	8.89	8.25	9.27	8.03	9.57	7.36	7.79	7.61	10.5	10.82																							10.086
	8.6	8.55	6.69	7.29	9.14	9.87	6.8	10.48		8.74	9.45	8.24	8.94	8.32	9.3	8.05	9.6	6.13	7.8	8.97	10.53	10.82																							10.116
	8.56	8.6	6.65	7.3	9.18	9.92	6.79	10.5		8.73	9.45	8.26	8.96	8.07	11.39	8.09	9.64	7.99	7.81	8.94	9.89	10.81																							10.161
	8.53	8.99	6.55	7.32	9.2	9.96	6.78			8.73	9.46	8.3	9	8.07	11.38	8.07	8.09	8.06	7.78	8.92	9.91	10.81																							10.181
	8.51	8.37	6.44	7.05	9.26	10	6.78			8.22	9.47	8.37	9.01	8.07	11.41	8.07	8.18	8.15	7.71	8.91	10.54	10.81																							10.211
	8.47	8.37	6.33	7.15	9.28	10.03				8.23	9.5	7.25	9.02	8.04	11.4	8.04	7.25	8.21	7.67	8.93	10.55	10.78																							10.221
	8.44	8.39	6.26	7.21	9.3	10.08				8.27	9.52	9.31	9.04	8.02	11.4	8.04	8.33	6.12	7.64	8.97	10.54	10.77																							10.231
	8.4	8.37	6.22	7.26	9.33	10.12	6.75			8.3	9.53	9.35	9.04	8	11.4	8.01	7.3	6.03	7.61	8.99	10.53	10.75																							10.236
	8.37	8.84	6.15	7.28	9.36	11.14	6.73			8.31	9.52	9.35	9.04	7.99	11.4	8	7.32	8.31	7.59	9.42		10.73																							10.236
	8.35	8.87	6.1	7.3	9.37	11.09	6.71			8.29	10.45	9.35	9.04	7.96	10.71	7.96	7.36	8.32	7.6	9.44	10.49	10.71																							10.236
	7.84	8.91	6.08	7.3	9.39	11.03	6.75			8.3	10.48	9.35	9.03	7.92	9.62	7.85	7.38	8.33	7.65	10.16	10.47	10.69																							10.226
	7.82	8.93	8.17	7.31	8.26	10.95	7.05			8.31	10.51	8.74	9.01	7.88	9.64	7.74	7.37	6.05	8.11	9.46	10.43	10.67																							10.236
	7.79	8.96	8.19	7.31	7.48	10.88	7.07			8.31	10.55	8.77	8.99	7.84	9.66	7.66	7.35	8.38	7.51	9.49	10.37	10.65																							10.236
	7.77	8.96	8.19	7.33	7.4	10.79	7.06			8.31	10.58	8.78	8.96	7.79	9.69	8.87	7.33	8.39	7.57	8.97	10.32	10.63																							10.236
	7.77	8.98	8.2	6.77	7.34	10.7	7.05			8.33	10.6	8.8	8.92	7.74	9.74	10.06	7.3	8.39	7.63	8.98	10.27	10.61																							10.236
	7.82	9.01	6.01	6.68	7.3	10.61	7.07			8.57	10.62	8.78	8.89	7.68	10.93	10.09	7.3	8.34	7.68	8.98	10.22	10.59																							10.246
	7.84	9.06	6.05	6.58	7.21	10.54	7.07			8.52	10.65	8.74	8.86	7.61	9.78	9.03	7.78	8.3	7.7	8.99	10.26	10.59																							10.236
	7.83	8.26	6.04	6.47	8.58	10.45	7.07			8.48	10.67	8.75	8.85	7.51	9.8	9.08	7.77	8.24	7.76	9	10.29	10.57																							10.221
	7.8	8.23	5.96	6.32	8.63	10.37	7.06			8.44	10.68	8.76	8.84	7.44	9.83	9.13	7.76	8.73	7.81	9.03	10.31	10.55																							10.201
	7.78	8.2	5.92	6.18	9.58	10.29	7			8.4	10.71	8.77	8.86	7.39	9.86	9.18	7.75	8.1	7.31	9.05	9.93	10.53																							10.191
	7.77	8.16	6.01	6.12	9.57	10.2	6.9			8.33	10.74	9.85	8.86	7.37	9.9	9.25	7.71	7.34	7.88	9.06	9.83	10.5																							10.176
	7.35	9.16	6.13	7.27	9.56	10.09	6.82			8.27	10.79	9.85	7.78	7.29	9.94	9.29	6.45	7.42	7.94	9.08	9.73	10.48																							10.151
	7.27	9.15	6.2	7.21	9.55	9.98	7.35			8.11	12.12	9.84	7.68	7.35	9.98	7.62	6.52	7.53	8.02	9.09	9.61	10.46																							10.125
	8.4	8.13	6.14	6.39	7.74	11.16	7		9.32	8.51	9.67	8.87	8.84	7.47	9.18	7.77	6.69	7.61	8.01	9.12		10.73																							10.101
	8.38	9.12	6.05	6.4	7.76	11.2	7.07			8.54	9.65	8.93	8.85	7.58	9.19	9.4	6.82	7.67	8.07	9.15		10.76																							10.071
	8.36	9.09	5.95	6.42	9.02	11.24	7.1				9.63	8.94	8.87	7.72	9.2	9.44	6.94	7.71	8.14	9.01		10.79																							10.051
	8.34	9.07	5.89	6.48	9.04	11.27	6.52				9.61	8.98	8.9	7.85	9.21	9.47	7	7.74	8.2	9.01		10.81																							10.006
	8.32	9.05	5.88	6.56	9.07	11.3	6.61				9.59	9	8.91	7.98	9.2	7.99	7.62	7.76	8.24	9		10.36																							9.966
	8.29	9.04	5.89	6.59	9.08		6.74				9.56	9.02	8.9	8.09	9.2	7.94	7.69	7.83	8.29	9		10.33																							9.936
	8.26	9.05	5.9	6.6	9.31		7.77			8.13	9.52	9.09	8.88	8.27	10.3	7.9	9.56	7.9	8.33	9		10.31																							9.911
	8.21	9.06	5.94	6.61	9.12	11.34	7.87			8.14	9.47	9.1	8.87	8.31	10.34	7.85	10.03	6.07	8.37	8.99		10.29																							9.876
	8.15	9.04	5.93	6.7	9.26	11.34	7.96			8.15	10.22	9.14	8.86	8.35	10.36	7.81	10.06	7.96	8.4	9.29		10.26																							9.826
	8.1	9.01	5.89	6.8	9.24	11.34	8.05			8.16	10.26	9.18	8.84	6.89	11.66	7.76	10.07	8.07	8.43	9.29	10.53	10.27																							9.786
	8.06	9.71	5.82	6.94	9.23	11.32	8.13			8.18	10.3	9.19	8.82	6.84	11.67	7.76	9.68	8.15	8.44	9.33	10.54	10.29																							9.726
	8.02	8.71	5.73	6.22	9.21	11.3					10.32	9.24	8.78	6.81	11.67	7.75	9.72	8.27	8.44	9.35		10.29																							9.651
	7.96	8.75	5.61	6.15	9.21	11.27					10.36	8.44	8.75	6.86	11.69	7.74	8.26	8.37	8.43	9.37		10.29																							9.606
	7.92	8.76	5.47	6.13	9.21	11.23					10.38	9.73	8.72	6.89	11.7	7.73	9.76	8.27	8.45	9.39		10.29																							
	7.92	8.82	5.33	6.12	9.19	11.19					10.4	9.75	8.68	6.85	11.71	7.7	8.4	8.3	8.45	9.41		10.32																							9.466
	7.89	8.87	5.23	6.12	9.17						10.43	9.76	8.6	6.77	11.73	7.68	8.51	8.53	8.45	10.12		10.34																							9.436
	7.88	8.89	5.17	6.13	9.15						11.49	9.78	8.56	6.73	11.41	7.69	8.57	8.55	8.45	10.15		10.36																							9.376
	8.01	8.91	5.13	6.21	9.13						11.56	9.82	8.51	6.75	10.75	7.68	8.65	8.58	8.44			10.42																							9.301
	8.03	8.94	9.14	6.27	9.41		6.81				11.63	9.35	8.46	6.77	10.8	7.66	8.72	8.37	7.69	10.19		10.46																							9.246
	8.02	8.96	9.14	6.27	8.31		6.86				11.69	9.36	8.44	6.87	10.82	8.83	8.79	8.67	8.1	10.21		10.49																							9.216
	8.01	10.06	9.14	6.24	8.36		6.93				11.75	9.36	8.43	6.96	10.85	10.02	8.85	8.67	8.01	9.51		10.52																							
	7.96	10.08	9.13	7.35	8.4		7.06				11.82	9.37	8.36	7.06	10.9	10.72	8.88	8.67	7.98	9.54		10.54																							9.076
	7.9	10.1	8.21	7.35	8.45		7.17			8.33	11.87	9.37	8.26	7.13	11.5	10.71	8.92	8.68	7.98	9.56	10.2	10.57																							9.056
	7.83	10.13	8.23	7.4	8.52		7.24			8.31	11.93	9.37	8.19	7.13	10.98	10.12	7.31	8.7	7.99	9.6	10.14	10.57																							
	7.76	9.13	8.22	7.45	9.55		7.28			8.25	11.97	9.4	8.14	7.13	11.02	10.16	7.32	8.71	8	9.64	10.1	10.58																							
	7.66	9.14	5.24	7.43	9.58		7.3			8.25	12	9.4	8.04	7.17	11.07	10.19	7.35		7.99	9.68	10.03	10.61																							
	7.55	9.16	5.34	7.37			7.33			8.21	12.04	9.42	7.98	7.19	11.12	10.21	7.39	8.76	7.84	9.7		10.64																							
	7.45	9.16	5.4	7.32			7.34			8.17	12.07	8.86	7.88	7.22	11.16	10.23	7.43	8.01	8	9.72		10.66																							
	8.66	9.21	5.51	6.99			7.34			8.14	12.1	8.69	6.75	8.2	11.19	10.26	7.47	7.95	8.01	9.75		10.68																							
	8.73	9.25	5.68	7.14							10.42	8.55	6.71	8.2	11.23	9.34	7.49	7.93	8.01	9.78		10.7																							
													7.65			8.76																													
	7.79	9.14	5.92	7.1	8.95		6.63			8.2	9.96	9.59	7.49	8.16	10.07	9.38	7.52	7.92		9.81		11.13																							8.691
	7.81	9.38	6.24	7.04	9		6.58			8.22	9.98	9.61	7.39	8.14	10.11	10.39	7.55	7.95		9.81		11.11																							8.656
	7.81	9.44	6.45	6.88	9.47		6.53				10.01	9.63	7.3	8.15	10.14	10.42	7.55	7.97		9.16		11.09																							8.651
	7.78	9.49	6.57	6.83	9.44		7.42				10.05	9.66	7.09	8.19	10.16	10.46	7.57	7.99		9.19		11.06																							8.621
	7.76	9.52	6.63	6.72	9.39		7.51				10.07	9.68	6.95	8.24	10.2	8.13	9.48	8.01		9.21		10.82																							8.611
	7.73	9.55	6.74	6.66	9.34		7.66				10.12	9.69	6.83	8.26	10.24	8.17	9.52	8.03		9.24		10.83																							8.596
	7.7	9.58	6.87	6.55			9.05				10.17	9.69	6.81	8.69	11.37	8.24	10.02	8.04		9.26		10.88																							8.596
	7.69	9.61	6.99	6.49	9.29		9.04				10.19	9.7	6.74	8.76	11.37	8.32		7.95		9.28		10.92																							8.606
	7.67	9.64	7.12	6.44			9.03				11.16	9.71	6.67	8.83	11.4	8.35		8.04		9.95		10.94																							8.606
	7.67	9.69	7.25	6.38			9				11.19	9.73	6.61	8.37	12.13	8.38		8.89		9.97		10.97																							8.601
	7.7	10.63	7.35	6.31							11.22	9.73	6.54	8.4	12.14	8.43	10.07	8.85		9.99		10.99																							8.566
	7.73	8.96	7.45	8.31							11.26	9.73	6.4	8.43	12.15	8.49	10.07	8.81		10.01		11.03																							8.526
	7.79	8.94	7.54	8.4							11.29	9.26	6.31	8.46	12.15	8.52	9.75	8.78		10.04		11.05																							8.471
	7.84	8.93	7.68	8.48							11.32	9.95	6.29	8.49	12.16	8.57	10.07	8.45		10.07		11.06																							8.401
	7.89	8.89	7.81	8.55							11.37	9.92	6.27	8.5	12.15	8.62	9.78	8.5		10.1		11.07																							8.361
	7.92	9.89	7.92	8.6							11.43	9.91	6.27	8.52	12.15	8.67	9.8	8.66				11.09																							8.331
	7.97	9.92	8	8.66							11.52	9.87	6.31	8.52	11.75	8.7	9.82	8.6				11.11																							8.311
	7.94	9.96	8.08	8.73							11.45	9.83	6.29	8.51	11.53	8.74	9.89	8.55				11.15																							8.281
	7.99	9.99	7	8.78	9.11						11.37	9.83	6.24	8.51	11.58	8.77	9.86	8.63	8.44			11.15																							8.226
	8.02	10.03	6.92	8.84	9.45						11.28	9.83	6.27	8.49	11.56	10	9.87	8.45	7.7			11.16																							8.136
	8.08	11.01	6.84	8.91	9.48						11.19	9.83	6.41	8.47	11.53	10.72	9.89	8.42	7.72	10.23		11.16																							8.086
	8.15	11.04	6.76	6.21	9.51						11.11	9.83	6.54	8.45	11.51	9.8	9.91	8.35	7.75	10.24		11.16																							8.056
	8.2	11.06	9.13	6.26	9.52						11.03	9.82	6.6	8.41	11.78	9.68	9.93	8.29	7.77	10.25		11.18																							
	8.26	11.09	9.1	6.34	9.54						10.95	9.84	6.64	8.37	11.47	10.69	8.97	8.21	7.78	10.25		11.19																							7.856
	8.35	9.09	9.08	6.42							10.87	9.86	6.72	8.33	11.49	10.69	9.03		7.81	10.26		11.19																							7.781
	8.43	9.1	8.22	6.56							10.78	9.85	6.79	8.29	11.52	10.67	9.06		7.84	10.26		11.19																							7.686
	8.51	9.13	8.24	6.71							10.7	9.86	6.8	8.23	11.56	10.65	9.1		7.98	10.26		11.18																							7.631
	8.58	9.16	8.29	6.86							10.61		6.77	8.21	11.55	10.65	9.13	8.78	7.96	10.25		11.17																							7.611
	10.71	10.27	8.34	9.24							10.52		7.01	8.5	11.55	10.62	9.19	8.82	7.98	10.23		11.16																							7.606
	10.78	10.29	8.38	9.28									7.11	8.56	11.56	10.28	9.23	8.84	8	10.21		11.15																							7.606
																																													7.566
	7.35	9.35	8.5	7.3	9.53		7.35				10.93	9.84	6.72	8.54	11.29	10.35	9.29	8.88																											7.606
	7.4	10.34	8.53	7.45	9.51		7.36				10.95	9.85	6.72	8.53	11.3	10.53	9.33	8.92																											
	7.5	10.37	8.56	7.56			7.38				10.98	9.87	6.77	8.55	11.32	10.51	9.37	8.95		9.84																									
	7.55	10.4	8.61	7.65			9.08				11	9.88	6.85	8.6	11.34	10.51	9.41	8.95		9.85																									
	7.61	10.43	8.65	7.72			9.07				11.02	9.9	6.92	8.62	11.35	9.52	10.01	8.95		9.87		11.04																							
	7.67	10.46	8.69	7.81			9.06				11.04	9.92	6.98	8.67	11.37	9.56	10.01	8.95		9.89		11.01																							
	7.71	10.49	8.74	7.88							11.08	9.96	7	10.12	11.67	9.58		8.94		9.91		10.98																							
	7.7	10.53	8.79	7.94							11.11	9.96	7	10.17	11.67	9.6		8.05		9.93		10.95																							
	7.67	10.58	8.83	8.06							11.9	9.96	6.97	10.22	11.66	9.63		8.92				10.94																							
	7.64	10.6	8.89	8.15							11.9	9.96	6.89	8.37		9.67						10.89																							
	7.64	11.65	8.94	8.24							11.85	9.97	6.81	8.39		9.7						10.85																							
	7.68	9.74	8.97	9.77							11.81	9.97	6.73	8.38		9.75						10.81																							7.896
	7.74	9.77	9	9.8							11.75	9.73	6.66	8.38		9.79	10.07					10.76																							7.926
	7.77	9.81	9.05	9.84							11.7		6.58	8.38		9.82		8.75				10.71																							7.971
	7.82	9.85	9.08	9.87							11.65		6.54	8.37		9.86	10.07	8.7				10.67																							8.051
	7.87	10.83	9.11	9.9							11.59		6.49	8.35		9.89	10.08					10.63																							8.161
	7.9	10.87	9.13	9.93									6.45	8.34	12.14	9.91	10.06					10.58																							8.236
	9.9	10.92	9.14	9.97									6.45	8.34	11.75	9.96	10.05					10.54																							8.266
	9.97	10.95		10								9.78	6.44	8.33	11.76	9.98	10.03	8.49				10.48																							8.336
	10.04	10.99		10.03	9.08							9.72	6.35	8.31	11.77	10.73	9.99		8.42			10.44																							8.381
	10.1	12.12		10.04	9.05							9.65	6.26	8.31	11.77	9.9	9.95		8.38			10.41																							8.436
	10.16	12.16		8.94	9.02							9.57	6.23	8.31	11.77		9.9		8.34			10.37																							8.466
	10.23	12.2	6.69	8.99								9.47	6.3	8.32	12.01		9.83		8.27			10.34																							8.501
	10.3		6.62	9.02								9.37	6.4	8.35	11.8	9.55	9.94		8.19			10.3																							8.521
	10.42	10.16	6.54	9.06								9.23	6.5	8.37	11.81	9.43	9.96		8.08			10.24																							8.556
	10.48	10.19	9.04	9.11								9.12	6.64	8.38	11.83	9.31	9.97		8			10.2																							8.596
	10.56	10.21	8.99	9.15								8.99	6.77	8.43	11.86	9.2	9.97		7.91			10.16																							8.636
	10.64	10.25	8.93	9.18									6.89	8.47	11.88	9.07	9.96					10.13																							8.661
	11.88	11.26	8.85	10.24									9.34	9.72	11.9	8.95	9.96					10.1																							8.691
	11.9	11.29	8.77	10.27									9.39	9.77	11.92	10.59	9.96					10.05																							8.716
	8.81	10.32	8.69	9.37			9.11				12.13		7.15	9.84	11.58	10.56	9.97																												
	8.87	11.37		9.43			9.1				12.13		7.2	9.87	11.6		9.99																												
	8.92	11.39		9.46			9.1				12.13		7.28	9.9	11.63		10																												
	9	11.42		9.5							12.11		7.34	9.96	11.63		10.01																												
	9.09	11.44		9.54							12.08		7.44	10	11.64	10.48																													
	9.16	11.47		9.57							12.06		7.56	10.06	11.68	10.5																													
	9.23	11.49		9.61							12.03		7.69	10.66	12.03	10.52																													
	9.3	11.54	7.99	9.64							11.99		7.8	10.65	12.11	10.55		8.94																											
	9.35	11.57	7.89	9.69									7.85	10.65	12.12	10.57																													
	9.43	11.59	7.78	9.71									7.92	8.9		10.6																													
	9.48		7.7	9.73									7.98	8.94		10.62																													
	9.53	10.67	7.64	10.1									8.03	8.97		10.66																													
	9.59	10.71	7.56	10.05								9.97	8.03	9.04		10.68																													
	9.65	10.75	7.46	9.99									8.09	9.09		10.69																													
	9.72	10.78	7.34	9.94									8.26	9.12		10.71																													
	9.76	11.9	7.23	9.87									8.39	9.16		10.73																													
	9.82	11.97	7.14	9.8									8.47	9.18		10.74																													
	11.69	12	7.08	9.69									8.57	9.24	12.12	10.74																													
	11.72	12.04		9.58									8.64	9.27	12.11	10.74																													
	11.75	12.07		9.47									8.72	9.33	12.09	10																													
	11.78			9.34									8.82	9.37	12.07																														
	11.8			10.07									8.9	9.41	12.04																														
	11.82			10.1									8.96	9.46																															
	11.83			10.12									9.04	9.49	11.98		9.76																												
	11.85	11.15		10.14									9.12	9.53	11.95		9.68																												
	11.87	11.17	6.47	10.17									9.16	9.56	11.92		9.58																												
	11.87	11.21	6.37	10.2									9.21	9.62	11.87		9.48																												
	11.87	11.24	6.29	10.22									9.28	9.67	11.8		9.37																												
	9.71		6.17										10.06	10.66	11.73		9.26																												
	9.6		6.06	7.89									10.05	10.66	11.67	8.86	9.17																												
																																													
	10.91	11.34		10.29									9.48	10.66	11.94																														
	10.99			10.31									9.51	10.65	11.96																														
	11.03			10.33									9.54	10.64	11.98																														
	11.11			10.33									9.56	10.65	12																														
	11.19			10.33									9.59	10.65	12.03	10.5																													
	11.23			10.32									9.63	10.66	12.05	10.5																													
	11.27			10.3									9.67			10.49																												9.881	
	11.31			10.28									9.71			10.48																												9.901	
	11.35			10.25									9.72			10.46																												9.911	
	11.4			10.21									9.75	10.27		10.43																												9.916	
	11.45			10.17									9.76	10.31		10.41																												9.906	
	11.5	11.7											9.78	10.35		10.38																												9.916	
	11.55	11.75											9.82	10.39		10.35																												9.921	
	11.58	11.8											9.85	10.42		10.32																												9.926	
	11.62	11.86											9.84	10.47		10.29																												9.931	
	11.64												9.89	10.5		10.24																												9.936	
	11.67												9.91	10.53		10.2																												9.946	
	10.88												9.94	10.56		10.14																												10.001	
	10.78												9.96	10.59		10.07																												10.021	
	10.67												9.99	10.61																														10.031	
	10.56												10.01	10.63																														10.051	
	10.46			9.22									10.02	10.63																														10.071	
	10.35			9.08									10.04	10.64																														10.096	
	10.25			8.9									10.06	10.66																														10.126	
	10.17												10.06	10.67																														10.156	
	10.11												10.06	10.67																														10.196	
	10.02												10.06	10.67																														10.231	
													10.06	10.66																														10.261	
													7.88	9.82																														10.286	
													7.72	9.69																														10.306	
	11.91												10.04																															10.331	
	11.91												10.02																															10.381	
	11.92												10.01																															10.421	
	11.92												10																															10.436	
	11.93												9.99																															10.451	
	11.93												9.97																															10.471	
	11.92												9.94																															10.476	
	11.9												9.89																															10.481	
	11.87												9.84																															10.481	
	11.81												9.79	10.65																														10.476	
	11.73												9.74	10.65																														10.476	
	11.62												9.69	10.64																														10.476	
	11.5												9.66	10.64																														10.476	
	11.35												9.5	10.64																														10.476	
	11.24												9.39	10.63																														10.476	
	11.12												9.29	10.63																														10.471	
	11												9.21	10.63																														10.451	
													9.08	10.61																														10.421	
													8.97	10.59																														10.411	
													8.88	10.56																														10.366	
													8.74	10.52																														10.326	
													8.59	10.47																														10.281	
													8.44	10.42																														10.211	
													8.28	10.35																														10.146	
													8.16	10.27																														10.071	
													8.05	10.19																														10.001	
													7.99	10.08																														9.931	
													7.94	9.95																														9.831	
																																												9.726	
																																												9.611	
																																												9.546	
