	8.70	8.74	4.00	5.42				5.870434783
	8.68	8.70	3.90	5.39				5.853478261
	8.60	8.64	3.80	5.31				5.854583333
	8.53	8.59	3.72	5.20				5.846363636
	8.45	8.51	3.65	5.09				5.8215
	8.38	8.43	3.59	4.98				5.811666667
	8.31	8.36	3.53	4.89				5.816666667
	8.25	8.28	3.37	4.81				5.80875
	8.18	8.19	3.32	4.75				5.798695652
	8.11	8.11	3.16	4.63				5.793333333
	8.05	8.01	2.98	4.56				5.775652174
	7.98	7.93	2.87	4.49				5.764545455
	7.90	7.84	2.73	4.44				5.745652174
	7.82	7.74	2.60	4.41				5.733181818
	7.74	7.66	2.50	4.38				5.716521739
	7.66	7.56	2.42	4.36				5.700833333
	7.58	7.46	2.37	4.31				5.689166667
	7.51	7.35	2.30	4.26				5.684545455
	7.44	7.24	2.23	4.21				5.677647059
	7.34	7.13	2.18	4.14				5.666842105
	7.32	7.02	2.14	4.06				5.6675
	7.23	6.91	2.12	3.98				5.65875
	7.17	6.81	2.07	3.87				5.652
	7.12	6.71	2.01	3.75				5.604
	7.04	6.61	2.01	3.65				5.565
	6.94	6.49	2.02	3.59				5.525
	6.83	6.38	2.02	3.52				5.493333333
	6.69	6.28	2.00	3.50				5.428
	6.59	6.18		3.45				5.345
	6.45	6.10		3.37				5.26
	6.34	6.01		3.28				5.162
	6.19	5.92		3.20				5.05
	6.05	5.84		3.13				4.925
	5.90	5.76		3.10				4.788
	5.75	5.69		3.11				4.6275
	5.61	5.63		3.13				4.482
	5.47	5.56		3.09				4.382
	5.32	5.50		3.04				4.32
	5.17	5.43		3.06				4.28
	5.05	5.37		3.06				4.2
	4.94	5.34		3.02				4.088
	4.82	5.27		2.98				3.985
	4.77	5.27		2.94				3.852
	4.66	5.23		2.88				3.698
	4.68	5.19		2.87				3.58
	4.61	5.13		2.88				3.525
	4.58	5.10		2.86				3.495
	4.57	5.04		2.84				3.416
	4.58	4.99		2.82				3.354
	4.58	4.93		2.81				3.2725
	4.60	4.86		2.77				3.19
	4.64	4.77		2.71				3.15
	4.61	4.70		2.69				3.23
	4.56	4.61		2.71				3.325
	4.51	4.52		2.74				3.255
	4.47	4.44		2.79				3.166666667
	4.46	4.35		2.83				3.125
	4.43	4.25		2.89				3.165
	4.42	4.13		2.94				
	4.40	3.93		2.98				
	4.38	3.87		3.08				
	4.37	3.80		3.18				3.156666667
	4.40	3.72		3.38				3.194
	4.48	3.65		3.50				3.2
	4.56	3.59		3.54				3.154
	4.62	3.55		3.54				3.015
	4.67	3.49		3.53				2.91
	4.59	3.45		3.54				2.993333333
	4.70	3.42		3.55				
	4.72	3.40		3.59				
	4.75	3.40		3.65				
	4.81	3.40		3.73				3.123333333
	4.85	3.38		3.78				3.095
	4.88	3.36		3.75				2.982
	4.89	3.34		3.71				2.895
	4.92	3.32		3.68				2.775454545
	4.93	3.33		3.66				2.726875
	4.95	3.36		3.66				2.684444444
	4.97	3.36	3.04	3.64				2.606956522
	4.98	3.38	3.15	3.62				2.516666667
	4.99	3.42	3.19	3.62				2.4905
	5.01	3.44	3.21	3.62				2.53
	5.06	3.45	3.25	3.60				2.597894737
	5.08	3.50	3.28	3.58				2.671818182
	5.09	3.59	3.32	3.56				2.777692308
	5.10	3.69	3.31	3.57				2.898421053
	5.12	3.77	3.27	3.54				3.041666667
	5.16	3.82	3.28	3.55				3.156666667
	5.19	3.87	3.31	3.60				3.201428571
	5.20	3.95	3.29	3.61				3.235
	5.21	3.97	3.26	3.58				3.302666667
	5.23	4.00	3.25	3.50				3.372777778
	5.25	4.05	3.27	3.42				3.390588235
	5.26	4.09	3.29	3.33				3.455
	5.27	4.10	3.30	3.27				3.591578947
	5.29	4.15	3.29	3.22				3.791428571
	5.33	4.19	3.29	3.19				3.968571429
	5.35	4.25	3.26	3.15				4.107647059
	5.39	4.32	3.23	3.11				4.225238095
	5.42	4.40	3.21	3.07				4.330555556
	5.47	4.51	3.20	3.07				4.3915
	5.52	4.60	3.17	3.03				4.437777778
	5.58	4.67	3.14	2.98				4.475238095
	5.63	4.72	3.15	2.88				4.526842105
	5.68	4.78	3.17	2.79				4.605789474
	5.73	4.83	3.14	2.75				4.670588235
	5.79	4.84	3.12	2.77				4.732
	5.85	4.93	3.12	2.79				4.783888889
	5.91	4.99	3.13	2.82				4.845
	5.98	5.05	3.15	2.92				4.890769231
	6.04	5.15	3.17	3.04				4.942
	6.12	5.24	3.21	3.10				4.948823529
	6.20	5.30	3.25	3.12				4.964117647
	6.28	5.36	3.29	3.18				4.955263158
	6.36	5.42	3.38	3.27				4.9
	6.45	5.49	3.43	3.38				4.90125
	6.53	5.57	3.56	3.50				4.899166667
	6.59	5.66	3.59	3.62				4.9015
	6.66	5.72	3.62	3.73				4.930952381
	6.75	5.80	3.67	3.85				4.974583333
	6.82	5.86	3.71	3.96				5.012
	6.90	5.93	3.76	4.03				5.025333333
	6.96	5.99	3.80	4.07				5.0345
	7.02	6.02	3.85	4.06				5.008571429
	7.11	6.10	3.88	4.18				4.998823529
	7.21	6.16	3.96	4.26				4.975714286
	7.31	6.21	4.08	4.35				4.964117647
	7.41	6.25	4.19	4.39				5.024666667
	7.53	6.31	4.28	4.41				5.07
	7.64	6.37	4.37	4.49				
	7.78	6.42	4.45	4.58				
	7.91	6.46	4.50	4.65				5.20
	8.01	6.51	4.53	4.73				5.29
	8.09	6.55	4.61	4.82				5.35
	8.16	6.60	4.63	4.86				5.44
	8.20	6.64	4.65	4.91				5.52
	8.24	6.83	4.67	4.98				5.60
	8.26	6.71	4.73	5.02				5.65
	8.27	7.06	4.78	5.07				5.73
	8.27	6.84	4.82	5.11				5.78
	8.26	6.87	4.86	5.13				5.83
	8.25	6.91	4.91	5.14				5.88
	8.24	6.93	4.95	5.15				5.94
	8.24	6.96	4.99	5.15				6.00
	8.24	6.97	5.04	5.15				6.05
	8.25	6.98	5.12	5.15				6.09
	8.29	6.99	5.18	5.15				6.14
	8.31	7.00	5.24	5.15				6.18
	8.34	7.00	5.31	5.12				6.22
	8.34	7.00	5.37	5.09				6.27
	8.34	6.99	5.42	5.06				6.31
	8.37	6.99	5.48	5.03				6.34
	8.43	6.98	5.55	5.01				6.37
	8.47	6.95	5.60	5.00				6.41
	8.63	6.93	5.65	4.98				6.44
	8.63	6.89	5.71	4.98				6.47
	8.47	6.86	5.75	4.97				6.50
	8.47	6.79	5.78	4.95				6.53
	8.47	6.72	5.82	4.94				6.56
	8.46	6.65	5.84	4.94				6.58
	8.46	6.57	5.84	4.95				6.60
	8.47	6.49	5.85	4.96				6.63
	8.47	6.41	5.84	4.96				6.64
	8.47	6.33	5.84	4.97				6.65
	8.45	6.25	5.84	4.98				6.66
	8.42	6.17	5.84	4.96				6.66
	8.41	6.10	5.84	4.96				6.66
	8.39	6.03	5.87	4.94				6.66
	8.37	5.96	5.87	4.92				6.66
	8.34	5.89	5.85	4.90				6.66
	8.34	5.85	5.84	4.89				6.66
	8.31	5.80	5.81	4.86				6.67
	8.26	5.76	5.77	4.84				6.66
	8.20	5.71	5.74	4.83				6.67
	8.14	5.67	5.71	4.67				6.67
	8.12	5.63	5.67	4.62				6.65
	8.09	5.59	5.64	4.57				6.64
	8.04	5.55	5.62	4.53				6.63
	7.98	5.49	5.59	4.49				6.62
	7.96	5.43	5.56	4.44				6.59
	7.91	5.37	5.54	4.43				6.58
	7.89	5.31	5.51	4.40				6.5625
	7.84	5.24	5.50	4.32				6.535416667
	7.82	5.17	5.50	4.25				6.511666667
	7.80	5.11	5.48	4.20				6.482916667
	7.79	5.05	5.45	4.17				6.46375
	7.77	5.01	5.42	4.13				6.440416667
	7.77	4.97	5.39	4.10				6.400833333
	7.75	4.96	5.35	4.05				6.37625
	7.72	4.94	5.30	3.99				6.342916667
	7.69	4.94	5.26	3.99				6.299583333
	7.66	4.90	5.21	3.95				6.254545455
	7.63	4.84	5.15	3.87				6.195
	7.60	4.78	5.09	3.78				6.150833333
	7.57	4.75	5.05	3.68				6.11125
	7.54	4.70	4.98	3.64				6.064583333
	7.51	4.68	4.88	3.52				6.01173913
	7.47	4.66	4.77	3.45				5.967083333
	7.43	4.66	4.70	3.42				5.917647059
	7.40	4.65	4.62	3.41				5.855
	7.37	4.59	4.55	3.45				5.829166667
	7.33	4.57	4.50	3.45				
	7.30	4.59	4.44	3.42				
	7.28	4.57	4.37					5.58
	7.24	4.52	4.33					5.54375
	7.21	4.45	4.29					5.4675
	7.19	4.39	4.23					5.397083333
	7.18	4.33	4.20					5.323333333
	7.15	4.24	4.13					5.28125
	7.12	4.16	4.08					5.27125
	7.15	4.10	4.01					5.266666667
	7.21		3.95					5.274583333
	7.19		3.88					5.28
	7.16		3.85					
	7.14		3.83					
	7.14		3.82					
	7.12		3.82					
	7.09		3.82					
	7.06		3.82					
	7.04		3.82					
	7.02		3.81					
	7.00		3.77					
	6.98		3.76					5.2085
	6.96		3.77					5.18
	6.96		3.80					5.1275
	6.94		3.84					5.062083333
	6.92		3.93					5.045
	6.90		4.06					5.010416667
	6.87		4.22					4.987916667
	6.83		4.30					4.969166667
	6.80		4.34					4.925416667
	6.77		4.37					4.84625
	6.71		4.39					4.7975
	6.67		4.44					4.744583333
	6.64		4.52					4.667916667
	6.63		4.58					4.59875
	6.63		4.63					4.563333333
	6.60		4.65					4.5135
	6.58		4.69					4.502666667
	6.56		4.74					4.510416667
	6.56		4.79					4.502083333
	6.53		4.86					4.47375
	6.52		4.90					4.411666667
	6.52		4.94					4.394166667
	6.51		4.95					4.382083333
	6.51		4.98					4.343333333
	6.50		5.01					4.304583333
	6.48		5.05					4.31375
	6.45		5.08					4.349166667
	6.42		5.09					4.34625
	6.40		5.11					4.337916667
	6.40		5.15					4.417083333
	6.38		5.18					4.51875
	6.35		5.23					4.590416667
	6.32		5.26					4.672916667
	6.27	4.87	5.28					4.730833333
	6.23	4.81	5.31					4.75625
	6.19	4.77	5.33					4.794583333
	6.16	4.73	5.34					4.907083333
	6.14	4.67	5.35					4.97
	6.13	4.61	5.38					5.01375
	6.19	4.55	5.38					5.056666667
	6.19	4.49	5.39					5.1075
	6.20	4.43	5.38					5.157916667
	6.21	4.39	5.39					5.184583333
	6.21	4.37	5.41					5.223333333
	6.21	4.41	5.41					5.232916667
	6.20	4.43	5.41					5.272916667
	6.18	4.45	5.38					5.302083333
	6.18	4.47	5.38					5.335833333
	6.18	4.48	5.38					5.364583333
	6.18	4.47	5.40					5.394166667
	6.18	4.45	5.38					5.42625
	6.15	4.42	5.36					
	6.13	4.40	5.36					
	6.11	4.37	5.37					
	6.11	4.33	5.40					
	6.11	4.29	5.46					
	6.11	4.24	5.48					
	6.12	4.25	5.50					
	6.13	4.27	5.50					
	6.15	4.29	5.50					
	6.19	4.34	5.51					
	6.25	4.39	5.45					
	6.25	4.44	5.49					
	6.27	4.51	5.48					
	6.29	4.52	5.45					
	6.34	4.53	5.44					
	6.43	4.58	5.48					
	6.49	4.64	5.53					
	6.57	4.71	5.56					
	6.63	4.78	5.57					
	6.69	4.85	5.58					
	6.76	4.89	5.59					
	6.80	4.94	5.62					
	6.85	4.99	5.65					
	6.89	5.05	5.67					
	6.95	5.13	5.67					
	7.01	5.18	5.69					
	7.06	5.23	5.70					
	7.12	5.27	5.72					
	7.20	5.31	5.73					
	7.26	5.35	5.74					
	7.30	5.37	5.74					
8.79	7.31	5.41	5.75					
8.78	7.36	5.43	5.80					
8.77	7.39	5.46	5.81					
8.78	7.40	5.51	5.82					
8.78	7.41	5.55	5.82					
8.78	7.42	5.56	5.82					
8.79	7.43	5.56	5.82					
8.76	7.43	5.57	5.86					
8.73	7.46	5.58	5.89					
8.72	7.46	5.58	5.91				6.175555556	
8.72	7.47	5.58	5.95				6.171666667	
8.72	7.49	5.56	5.98				6.180434783	
8.73	7.50	5.51	5.99				6.184375	
8.75	7.51	5.49	5.99				6.1825	
8.76	7.51	5.47	6.01				6.186666667	
8.76	7.53	5.52	6.01				6.204285714	
8.76	7.55	5.52	6.01				6.211666667	
8.76	7.55	5.48	6.01				6.225	
8.78	7.57	5.49	6.01				6.272666667	
8.81	7.59	5.52	5.99				6.282916667	
8.86	7.61	5.56	5.98				6.3	
8.91	7.65	5.57	5.97				6.322173913	
8.94	7.68	5.59	5.96				6.341875	
8.98	7.71	5.60	5.95				6.366666667	
9.03	7.74	5.61	5.95				6.392173913	
9.09	7.79	5.62	5.93				6.426666667	
9.15	7.83		5.95				6.452727273	
9.20	7.87		5.96				6.493043478	
9.24	7.92		5.96				6.51375	
9.25	8.00		5.96				6.537647059	
9.19	8.07	5.61	5.94				6.653333333	
9.12	8.13	5.60	5.93				6.660666667	
9.12	8.20	5.60	5.93				6.666111111	
9.13	8.26	5.58	5.94					
9.16	8.31	5.56	5.95					
9.16	8.35	5.55	5.96					
9.17	8.39	5.51	5.96				6.669230769	
9.16	8.43	5.47	5.96				6.668695652	
	8.46	5.42	5.96				6.67173913	
	8.51	5.38	5.96				6.673	
	8.55	5.30	5.94				6.67625	
9.22	8.59	5.22	5.95				6.672777778	
9.22	8.62	5.12	5.95				6.678666667	
9.24	8.69	5.05	5.95				6.68125	
9.25	8.74	5.01	5.94				6.6875	
9.20	8.78	4.97	5.93				6.68826087	
9.19	8.82	4.91	5.93				6.67125	
9.17	8.83	4.86	5.92				6.65	
9.17	8.86	4.82	5.90				6.624166667	
9.13	8.86	4.76	5.90				6.587391304	
9.09	8.86	4.68	5.90				6.55125	
9.05	8.86	4.59	5.89				6.50625	
8.99	8.84	4.52	5.86				6.466521739	
8.95	8.82	4.25	5.84				6.415	
8.96	8.81	4.39	5.80				6.3475	
8.91	8.80	4.35	5.72				6.275833333	
8.87	8.79	4.29	5.66				6.203043478	
8.75	8.79	4.23	5.64				6.127916667	
8.81	8.79	4.16	5.63				6.042083333	
8.78	8.78	4.12	5.59				5.957083333	
8.74	8.76	4.08	5.53				5.894583333	
