	nan	16.321	nan	nan	15.381	15.631	16.491	nan	nan	14.281	15.001	16.971	15.241	14.421	16.371	nan	15.831	16.041	14.661	nan	16.721	16.371	16.481	16.291	11.861	17.501	17.991	15.671	16.401	14.541	17.271	16.721	17.431	17.171	17.231	18.111	14.331	18.611	18.691						15.143
	nan	16.161	nan	nan	nan	15.571	16.381	nan	nan	nan	14.951	16.851	15.121	nan	16.201	nan	15.751	15.971	14.581	nan	16.661	16.271	16.401	16.261	11.861	17.471	17.981	15.601	16.391	14.421	17.211	16.621	17.371	17.131	17.201	18.041	14.231	18.561	18.641						15.203
	nan	15.991	nan	nan	nan	15.421	16.281	nan	nan	nan	14.891	16.731	14.991	nan	17.631	nan	15.691	15.911	14.471	nan	16.601	16.181	16.321	16.201	11.841	17.441	17.971	15.541	16.361	14.331	17.161	16.531	17.321	17.081	17.161	18.011	14.071	18.511	18.571						15.213
	nan	15.881	nan	nan	nan	15.211	16.161	nan	nan	nan	14.831	16.671	nan	nan	15.901	nan	15.621	15.831	14.371	nan	16.531	16.111	16.251	16.101	11.841	17.411	17.951	15.491	16.321	14.251	17.081	16.441	17.271	17.011	17.121	17.961	13.931	18.471	18.521						15.183
	nan	15.741	nan	nan	nan	15.131	16.051	nan	nan	nan	14.781	16.611	nan	nan	15.861	17.581	15.501	15.761	14.311	nan	16.461	16.021	16.141	15.961	11.811	17.371	17.941	15.431	16.241	14.141	17.001	16.361	17.211	16.931	17.071	17.891	13.811	18.431	18.451						15.183
	nan	15.611	nan	nan	nan	14.991	15.991	nan	nan	nan	14.781	16.521	nan	nan	15.681	17.561	15.401	15.671	14.231	nan	16.371	15.921	16.001	15.801	11.731	17.331	17.931	15.381	16.161	14.041	16.911	16.271	17.141	16.851	17.031	17.811	13.631	18.381	18.381						15.183
	nan	15.521	nan	nan	nan	14.791	15.811	nan	nan	nan	14.761	16.391	nan	nan	15.551	17.531	15.301	15.581	14.151	nan	16.271	15.821	15.871	15.181	11.681	17.291	17.911	15.331	16.071	13.851	16.811	16.171	17.071	16.771	16.991	17.751	13.431	18.321	18.311						15.188
	nan	nan	nan	nan	nan	14.671	nan	nan	nan	nan	14.711	16.271	nan	nan	15.481	17.511	15.221	15.501	14.031	nan	16.171	15.721	15.761	15.091	11.671	17.251	17.891	15.291	15.971	13.831	16.691	16.011	17.031	16.671	16.941	17.671	13.291	18.291	18.251						15.198
	nan	nan	nan	nan	nan	14.491	nan	nan	nan	nan	14.701	16.151	nan	nan	15.411	17.501	15.121	15.411	13.931	nan	16.071	15.601	15.681	15.031	11.651	17.221	17.851	15.251	15.811	13.761	16.591	15.831	17.011	16.561	16.891	17.601	13.081	18.251	18.161						15.183
	nan	nan	nan	nan	nan	nan	nan	nan	nan	nan	14.661	16.041	nan	nan	15.221	17.451	15.021	15.321	13.851	nan	15.991	15.441	15.621	14.941	11.591	17.181	17.821	15.211	15.771	13.671	16.531	15.671	16.971	16.451	16.841	17.531	12.921	18.191	18.071						15.178
	nan	nan	nan	nan	nan	nan	nan	nan	nan	nan	14.641	15.951	nan	nan	15.101	17.421	14.921	15.251	13.821	nan	15.971	15.291	15.581	14.881	11.491	17.131	17.791	15.131	15.681	13.561	16.481	15.531	16.921	16.361	16.801	17.501	12.831	18.141	17.991						15.158
	nan	nan	nan	nan	nan	14.101	nan	nan	nan	nan	14.641	15.881	nan	nan	14.991	17.391	14.831	15.191	13.801	nan	15.961	15.151	15.561	14.841	11.381	17.081	17.741	15.041	15.581	13.471	16.431	15.471	16.871	16.251	16.751	17.391	12.671	18.071	17.901						15.143
	nan	nan	nan	nan	nan	13.971	nan	nan	nan	nan	14.671	15.781	nan	nan	14.861	17.351	14.751	15.131	13.771	nan	15.941	14.981	15.531	14.791	11.381	17.041	17.691	14.971	15.491	13.341	16.371	15.421	16.811	16.151	16.661	17.301	12.581	18.011	17.801						15.138
	nan	14.671	nan	nan	nan	13.881	nan	nan	nan	nan	14.691	15.681	nan	nan	14.721	17.311	14.701	15.031	13.761	nan	15.891	14.841	15.471	14.721	11.391	17.011	17.621	14.871	15.391	13.241	16.321	15.401	16.771	16.061	16.631	17.221	12.501	17.971	17.721						15.123
	nan	14.551	nan	nan	nan	13.731	nan	nan	nan	nan	14.671	15.571	nan	nan	14.631	17.291	14.661	14.941	13.671	nan	15.841	14.691	15.411	14.651	11.461	16.991	17.551	14.811	15.341	13.071	16.261	15.381	16.701	15.961	16.581	17.161	12.381	17.931	17.621						15.108
	nan	14.461	nan	nan	nan	nan	nan	nan	nan	nan	14.691	15.461	nan	nan	14.521	17.241	14.611	14.861	13.561	nan	15.801	14.561	15.371	14.611	11.491	16.991	17.491	14.791	15.261	12.921	16.181	15.321	16.641	15.851	16.521	17.061	12.321	17.881	17.521						15.103
	nan	14.341	nan	nan	nan	nan	nan	nan	nan	nan	14.681	15.341	nan	nan	14.391	nan	14.531	14.761	13.401	nan	15.721	14.451	15.331	14.571	11.531	16.971	17.421	14.751	15.161	12.771	16.101	15.281	16.571	15.761	16.451	16.981	12.221	17.811	17.421						15.093
	nan	14.261	nan	nan	nan	nan	nan	nan	nan	nan	14.651	15.241	nan	nan	14.271	nan	14.471	14.641	13.291	nan	15.641	14.321	15.281	14.551	11.561	16.891	17.341	14.721	15.081	12.671	16.001	15.281	16.501	15.651	16.391	16.901	12.121	17.771	17.321						15.088
	nan	14.241	nan	nan	nan	nan	nan	nan	nan	nan	14.611	15.121	nan	nan	14.171	nan	14.421	14.561	13.221	nan	15.581	14.201	15.191	14.541	11.581	16.851	17.251	14.691	15.021	12.591	15.901	15.291	16.441	15.541	16.321	16.811	12.021	17.681	17.211						15.078
	nan	14.081	nan	nan	nan	nan	nan	nan	nan	nan	14.571	14.971	nan	nan	14.051	nan	14.411	14.451	13.181	nan	15.561	14.091	15.091	14.531	11.591	16.741	17.181	14.651	14.961	12.531	15.801	15.291	16.371	15.441	16.261	16.751	11.971	17.621	17.171						15.073
	nan	14.011	nan	nan	nan	nan	nan	nan	nan	nan	14.521	14.871	nan	nan	13.951	nan	14.391	14.321	nan	nan	15.541	13.991	15.031	14.511	11.511	16.661	17.101	14.601	14.821	12.361	15.681	15.251	16.321	15.391	16.131	16.711	11.911	17.551	17.021						15.073
	nan	13.951	nan	nan	nan	nan	14.151	nan	nan	nan	14.451	14.761	nan	nan	13.881	nan	14.351	nan	nan	nan	15.521	13.911	15.011	14.481	11.501	16.601	17.001	14.541	14.721	12.251	15.571	15.201	16.261	15.341	16.121	16.651	11.831	17.481	16.921						15.063
	nan	nan	nan	nan	nan	nan	14.111	nan	nan	nan	14.381	14.621	nan	nan	13.801	nan	14.271	nan	nan	nan	15.501	13.821	14.981	14.471	11.471	16.541	16.891	14.491	14.621	12.281	15.461	15.121	16.181	15.271	16.091	16.601	11.811	17.391	16.801						15.048
	nan	nan	nan	nan	nan	nan	14.061	nan	nan	nan	14.341	14.501	nan	nan	13.741	nan	14.201	nan	nan	nan	15.481	13.731	14.961	14.471	11.431	16.461	16.801	14.451	14.521	12.381	15.401	15.021	16.081	15.201	16.001	16.551	11.751	17.321	16.691						14.978
	nan	nan	nan	nan	nan	nan	14.011	nan	nan	nan	14.311	14.371	nan	nan	13.671	nan	14.111	nan	nan	nan	15.451	13.631	14.941	14.531	11.361	16.411	16.701	14.401	14.421	12.341	15.361	14.901	16.001	15.101	15.931	16.521	11.711	17.221	16.581						14.928
	nan	nan	nan	nan	nan	nan	13.891	nan	nan	nan	14.261	14.251	nan	nan	13.581	nan	14.021	nan	nan	nan	15.381	13.531	14.921	14.531	11.251	16.381	16.551	14.361	14.301	12.191	15.321	14.761	15.901	14.991	15.881	16.491	11.681	17.141	16.471						14.883
	nan	nan	nan	nan	nan	13.091	13.861	nan	nan	nan	14.081	14.171	nan	nan	13.461	nan	13.911	nan	nan	nan	15.301	13.431	14.901	14.541	11.161	16.331	16.491	14.321	14.151	12.031	15.271	14.641	15.821	14.891	15.841	16.451	11.611	17.041	16.371						14.823
	nan	nan	nan	nan	nan	13.031	13.771	nan	nan	nan	14.011	14.101	nan	nan	13.371	nan	13.811	nan	nan	nan	15.231	13.301	14.871	14.551	11.091	16.281	16.431	14.271	14.061	11.961	15.171	14.551	15.771	14.811	15.801	16.411	11.631	16.931	16.271						14.753
	nan	13.221	nan	nan	nan	13.001	13.621	nan	nan	nan	13.901	14.071	nan	nan	13.311	nan	13.691	nan	nan	nan	15.211	13.251	14.841	14.571	11.021	16.191	16.371	14.241	13.971	11.911	15.071	14.471	15.711	14.791	15.751	16.371	11.771	16.811	16.181						14.723
	nan	13.091	nan	nan	nan	12.921	13.471	nan	nan	nan	13.801	14.011	nan	nan	13.231	nan	13.671	nan	nan	nan	15.191	nan	14.811	14.571	11.041	16.171	16.271		13.891	11.891	15.001	14.411	15.641	14.751	15.711	16.311	11.751	16.691	16.091						
	nan	13.001	nan	nan	nan	12.871	13.331	nan	nan	nan	13.801	13.921	nan	nan	13.121	nan	nan	nan	nan	nan	15.141	nan	14.771	14.591	10.981	16.111	16.201		13.871	11.881	14.881	14.351	15.571	14.691	15.671	16.241	11.721	16.581	16.001						
	nan	nan	nan	nan	nan	12.771	13.251	nan	nan	nan	13.791	13.881	nan	nan	13.041	nan	nan	nan	nan	nan	15.031	nan	14.701	14.591	10.971	16.041	16.121		13.781	11.861	14.761	14.301	15.421	14.641	15.631	16.171	11.631	16.451	15.901						
	nan	nan	nan	nan	nan	12.721	nan	nan	nan	nan	13.561	13.871	nan	nan	12.941	nan	nan	nan	nan	nan	14.921	nan	14.631	14.611	11.061	16.001	16.041		13.721	11.901	14.681	14.251	15.341	14.571	15.601	16.071	11.611	16.321	15.831						
	nan	nan	nan	nan	nan	12.741	nan	nan	nan	nan	13.521	13.831	nan	nan	12.841	nan	nan	nan	nan	nan	14.821	nan	14.611	14.631	11.031	15.931	15.941		13.671	11.931	14.571	14.171	15.361	14.501	15.551	15.981	11.621	16.171	15.771						
	nan	nan	nan	nan	nan	12.671	nan	nan	nan	nan	13.471	13.731	nan	nan	nan	nan	nan	nan	nan	nan	14.701	nan	14.511	14.661	10.911	15.881	15.861		13.571	12.041	14.501	14.081	15.381	14.441	15.511	15.901	11.581	16.031	15.721						
	nan	nan	nan	nan	nan	12.601	nan	nan	nan	nan	13.411	13.601	nan	nan	nan	nan	nan	nan	nan	nan	14.611	nan	14.461	14.701	10.821	15.791	15.781		13.471	11.991	14.421	14.011	15.401	14.381	15.461	15.911	11.511	15.901	15.651						
	nan	nan	nan	nan	nan	12.621	nan	nan	nan	nan	13.351	13.471	nan	nan	nan	nan	nan	nan	nan	nan	14.511	nan	14.421	14.701	10.911	15.801	15.691		13.411	11.921	14.321	14.001	15.421	14.311	15.411	15.921	11.511	15.761	15.581						
	nan	nan	nan	nan	nan	12.581	nan	nan	nan	nan	13.371	13.341	nan	nan	nan	nan	nan	nan	nan	nan	14.441	nan	14.381	14.741	11.011	15.741	15.611		13.441	11.851	14.231	14.071	15.431	14.251	15.391	15.911	11.501	15.621	15.501						
	nan	nan	nan	nan	nan	12.471	nan	nan	nan	nan	13.381	13.231	nan	nan	nan	nan	nan	nan	nan	nan	14.361	nan	14.331	14.741	11.231	15.721	15.521		13.431	11.801	14.191	14.101	15.431	14.171	15.361	15.871	11.391	15.511	15.441						
	nan	nan	nan	nan	nan	nan	nan	nan	nan	nan	13.471	13.101	nan	nan	nan	nan	nan	nan	nan	nan	14.311	nan	14.311	14.681	11.381	15.691	15.431		13.371	11.781	14.131	14.091	15.421	14.101	15.321	15.861	11.271	15.411	15.421						
	nan	nan	nan	nan	nan	nan	nan	nan	nan	nan	13.571	12.961	nan	nan	nan	nan	nan	nan	nan	nan	14.281	nan	14.281	14.661	11.501	15.671	15.341		13.291	11.781	14.091	14.091	15.411	14.031	15.271	15.751	11.251	15.321	15.401						
	nan	nan	nan	nan	nan	nan	nan	nan	nan	nan	13.651	12.811	nan	nan	nan	nan	nan	nan	nan	nan	14.261	nan	14.221	14.611	11.641	15.651	15.261		13.191	11.811	14.061	14.081	15.371	13.961	15.211	15.701	11.301	15.271	15.391						13.283
	nan	nan	nan	nan	nan	nan	nan	nan	nan	nan	13.721	12.661	nan	nan	nan	nan	nan	nan	nan	nan	14.231	nan	14.191	14.601	11.791	15.631	15.171		13.121	11.901	14.041	14.041	15.211	13.891	15.171	15.661	11.291	15.231	15.351						13.183
	nan	nan	nan	nan	nan	nan	nan	nan	nan	nan	13.801	12.521	nan	nan	nan	nan	nan	nan	nan	nan	14.171	nan	14.201	14.561	11.931	15.631	15.111		13.041	11.931	13.991	13.991	15.141	13.831	15.121	15.611	11.281	15.191	15.311						13.088
	nan	nan	nan	nan	nan	nan	nan	nan	nan	nan	13.851	12.511	nan	nan	nan	nan	nan	nan	nan	nan	14.111	nan	14.221	14.531	12.071	15.621	15.071		12.971	11.921	13.931	13.971	15.081	13.781	15.071	15.581	11.341	15.161	15.261						13.033
	nan	nan	nan	nan	nan	nan	nan	nan	nan	nan	13.871	12.461	nan	nan	nan	nan	nan	nan	nan	nan	14.031	nan	14.251	14.511	12.101	15.621	15.011		12.891	11.861	13.971	13.971	14.991	13.721	15.001	15.561	11.371	15.141	15.211						12.988
	nan	nan	nan	nan	nan	nan	nan	nan	nan	nan	13.861	12.421	nan	nan	nan	nan	nan	nan	nan	nan	13.871	nan	14.331	14.511	12.131	15.611	14.911		12.821	11.801	14.011	14.001	14.931	13.651	14.921	15.531	11.361	15.141	15.171						12.888
	nan	nan	nan	nan	nan	nan	nan	nan	nan	nan	13.931	12.391	nan	nan	nan	nan	nan	nan	nan	nan	13.711	nan	14.391	14.541	12.251	15.621	14.791		12.771	11.851	13.971	13.961	14.831	13.611	14.851	15.501	11.391	15.151	15.121						12.818
	nan	nan	nan	nan	nan	nan	nan	nan	nan	nan	13.871	12.331	nan	nan	nan	nan	nan	nan	nan	nan	13.631	nan	14.391	14.571	12.361	15.641	14.701		12.711	11.961	13.901	13.911	14.761	13.551	14.791	15.481	11.371	15.161	15.041						12.728
	nan	nan	nan	nan	nan	nan	nan	nan	nan	nan	13.801	12.301	nan	nan	nan	nan	nan	nan	nan	nan	13.521	nan	14.401	14.591	12.421	15.661	14.661		12.671	12.081	13.841	13.841	14.671	13.511	14.721	15.461	11.361	15.201	14.981						12.668
	nan	nan	nan	nan	nan	nan	nan	nan	nan	nan	13.761	12.271	nan	nan	nan	nan	nan	nan	nan	nan	13.441	nan	14.411	14.591	12.291	15.681	14.631		12.611	12.171	13.681	13.761	14.601	13.461	14.671	15.421	11.371	15.201	14.911						12.613
	nan	nan	nan	nan	nan	nan	nan	nan	nan	nan	13.711	12.251	nan	11.841	nan	nan	nan	nan	nan	nan	13.381	nan	14.421	14.561	12.181	15.721	14.631		12.561	12.231	13.501	13.671	14.521	13.411	14.651	15.381	11.401	15.181	14.841						12.603
	nan	nan	nan	nan	nan	nan	nan	nan	nan	nan	13.721	12.161	nan	11.951	nan	nan	nan	nan	nan	nan	13.331	nan	14.401	14.521	12.081	15.751	14.641		12.511	12.271	13.461	13.581	14.461	13.361	14.731	15.321	11.351	15.181	14.771						12.678
	nan	nan	nan	nan	nan	nan	nan	nan	nan	nan	13.691	12.071	nan	11.931	nan	nan	nan	nan	nan	nan	nan	nan	14.401	14.521	11.981	15.781	14.651		12.471	12.311	13.461	13.551	14.381	13.301	14.781	15.281	11.311	15.171	14.701						12.703
	nan	nan	nan	nan	nan	nan	nan	nan	nan	nan	13.641	11.971	nan	11.881	nan	nan	nan	nan	nan	nan	nan	nan	14.411	14.531	11.901	15.801	14.671		12.441	12.291	13.511	13.501	14.381	13.251	14.831	15.241	11.391	15.121	14.641						12.633
	nan	nan	nan	nan	nan	nan	nan	nan	nan	nan	13.601	11.831	nan	11.861	nan	nan	nan	nan	nan	nan	nan	nan	14.421	14.511	11.801	15.841	14.701		12.421	12.091	13.541	13.451	14.351		14.871	15.221	11.481	15.061	14.591						12.623
	nan	nan	nan	nan	nan	nan	nan	nan	nan	nan	13.641	11.761	nan	11.831	nan	nan	nan	nan	11.711	nan	nan	nan	14.421	14.541	11.691	15.871	14.771		12.391	11.921	13.541	13.421	14.291		14.891	15.201	11.511	14.981	14.551						12.643
	nan	nan	nan	nan	nan	nan	nan	nan	nan	nan	13.691	11.711	nan	11.801	nan	nan	nan	nan	11.721	nan	nan	nan	14.401	14.531	11.621	15.891	14.871		12.331	11.821	13.591	13.401	14.221		14.881	15.201	11.591	14.991	14.461						12.643
	nan	nan	nan	nan	nan	nan	nan	nan	nan	nan	13.711	11.661	nan	11.691	nan	nan	nan	nan	11.711	nan	nan	nan	14.391	14.511	11.561	15.941	14.981		12.301	11.811	13.661	13.371	14.111		14.871	15.161	11.791	14.991	14.351						12.643
	14.951	nan	nan	nan	nan	nan	nan	nan	nan	nan	13.741	11.601	nan	11.591	nan	nan	nan	nan	11.701	nan	nan	nan	14.361	14.511	11.531	15.961	15.071			11.881	13.791		13.981		14.861	15.091	11.941	14.961	14.241						12.628
	14.951	nan	nan	nan	nan	nan	nan	nan	nan	nan	13.741	11.561	nan	11.481	nan	nan	nan	nan	11.731	nan	nan	nan	14.301	14.451	11.491	15.991	15.151			11.901	13.811		13.861		14.871	15.001	12.051	14.971	14.191						12.593
	14.951	nan	nan	nan	nan	nan	nan	nan	nan	nan	13.741	11.611	nan	11.331	nan	nan	nan	nan	11.751	nan	nan	nan	14.261	14.331	11.391	16.031	15.211			11.981	13.831		13.741		14.831	15.021	12.041	14.991	14.131						12.623
	14.931	nan	nan	nan	nan	nan	nan	nan	nan	nan	13.771	11.571	nan	11.131	nan	nan	nan	nan	11.731	nan	nan	nan	14.201	14.211	11.201	16.061	15.231			12.131	13.821		13.681		14.791	15.021	11.961	15.051	14.071						12.628
	14.901	nan	nan	nan	nan	nan	nan	nan	nan	nan	13.801	11.531	nan	10.961	nan	nan	nan	nan	11.711	nan	nan	nan	14.141	14.081	11.061	16.111				12.241	13.791		13.651		14.731	15.031	11.921	15.161	14.051						12.573
	14.841	nan	nan	nan	nan	nan	nan	nan	nan	nan	13.811	11.491	nan	10.761	nan	nan	nan	nan	11.681	nan	nan	nan	14.061	13.961	11.121	16.131				12.381	13.711		13.691		14.711	15.031	11.991	15.201	14.021						12.413
	14.781	nan	nan	nan	nan	nan	nan	nan	nan	nan	13.811	11.481	nan	nan	nan	nan	nan	nan	11.641	nan	nan	nan	14.011	13.841	11.141	16.161				12.451	13.611		13.731		14.701	14.991	12.081	15.211	13.991						12.348
	14.711	nan	nan	nan	nan	nan	nan	nan	nan	nan	13.811	11.431	nan	nan	nan	nan	nan	nan	11.591	nan	nan	nan	14.061	13.691	11.181	16.191				12.421	13.541		13.781		14.691	14.951	12.211	15.231	13.951						12.428
	14.641	nan	nan	nan	nan	nan	nan	nan	nan	nan	13.811	11.561	nan	nan	nan	nan	nan	nan	11.641	nan	nan	nan	14.111	13.731	11.261	16.211				12.391	13.571		13.831		14.691	14.931	12.301	15.251	13.921						12.513
	14.601	nan	nan	nan	nan	nan	nan	nan	nan	nan	13.821	11.731	nan	nan	nan	nan	nan	nan	11.761	nan	nan	nan	14.261	13.761	11.431	16.231				12.351	13.601		13.901		14.691	14.931	12.421	15.271	13.911						12.543
	14.551	nan	nan	nan	nan	nan	nan	nan	nan	nan	13.791	11.791	nan	nan	nan	nan	nan	nan	11.811	nan	nan	nan	14.351	13.811	11.491	16.251				12.271	13.591		13.961		14.671	14.931	12.491	15.291	13.911						12.538
	14.581	nan	nan	nan	nan	nan	nan	nan	nan	nan	13.721	11.811	nan	nan	nan	nan	nan	nan	11.741	nan	nan	nan	14.371	13.851	11.581	16.251				12.151	13.541		14.011		14.651	14.931	12.491	15.341	13.901						12.508
	14.631	nan	nan	nan	nan	nan	nan	nan	nan	nan	13.681	11.841	nan	nan	nan	nan	nan	nan	11.551	nan	nan	nan	14.411	13.871	11.651	16.251			11.581	12.011	13.511		14.061		14.641	14.891	12.551	15.381	13.881						12.468
	14.651	nan	nan	nan	nan	nan	nan	nan	nan	nan	13.631	11.811	nan	nan	nan	nan	nan	nan	11.331	nan	nan	nan	14.451	13.881	11.551	16.251			11.581	11.921	13.411		14.111		14.671	14.831	12.611	15.391	13.861						12.363
	14.661	nan	nan	nan	nan	nan	nan	nan	nan	nan	13.591	11.751	nan	nan	nan	nan	nan	nan	11.271	nan	nan	nan	14.521	13.841	11.471	16.271			11.621	11.821	13.281		14.141		14.711	14.791	12.631	15.411	13.841						12.303
	14.661	nan	nan	nan	nan	nan	nan	nan	nan	nan	13.511	11.741	nan	nan	nan	nan	nan	nan	11.311	nan	nan	nan	14.621	13.791	11.421	16.291			11.731	11.871	13.161		14.161		14.741	14.721	12.571	15.411	13.821						12.253
	14.661	nan	nan	nan	nan	nan	nan	nan	nan	nan	13.421	11.841	nan	nan	nan	nan	nan	nan	nan	nan	nan	nan	14.741	13.721	11.341	16.301			11.871	12.081	13.071		14.171		14.801	14.661	12.461	15.411	13.831						12.193
	14.651	nan	nan	nan	nan	nan	nan	nan	nan	nan	13.281	11.871	nan	11.201	nan	nan	nan	nan	nan	nan	nan	nan	14.821	13.671	11.321	16.301			12.001	12.171	13.001		14.181		14.811	14.661	12.421	15.411	13.851						12.103
	14.651	nan	nan	nan	nan	nan	nan	nan	nan	nan	13.151	11.791	nan	11.091	nan	nan	nan	nan	nan	nan	nan	nan	14.901	13.611	11.391	16.301	15.231		12.141	12.261	13.031		14.221		14.831	14.721	12.431	15.421	13.861						11.943
	14.671	nan	nan	nan	nan	nan	nan	nan	nan	nan	12.991	11.711	nan	11.011	nan	nan	nan	nan	nan	nan	nan	nan	14.971	13.671	11.361	16.301	15.221		12.221	12.401	13.021		14.271		14.841	14.761	12.521	15.421	13.851						11.878
	14.701	nan	nan	nan	nan	nan	nan	nan	nan	nan	12.801	11.651	nan	11.161	nan	nan	nan	nan	nan	nan	nan	nan	15.041	13.761	11.341	16.301	15.181		12.381	12.561	12.981		14.321		14.851	14.801	12.621	15.431	13.881						11.843
	14.701	nan	nan	nan	nan	nan	nan	nan	nan	nan	12.681	11.561	nan	nan	nan	nan	nan	nan	nan	nan	nan	nan	15.111	13.831	11.291	16.301	15.141		12.601	12.681	12.911		14.361	12.931	14.851	14.881	12.741	15.481	13.931						11.898
	14.691	nan	nan	nan	nan	nan	nan	nan	nan	nan	12.551	11.441	nan	nan	11.251	nan	nan	nan	nan	nan	nan	nan	15.171	13.951	11.241	16.301	15.101		12.771	12.831	12.821		14.401	12.961	14.811	15.001	12.851	15.551	13.961						11.918
	14.691	nan	nan	nan	nan	nan	nan	nan	nan	nan	12.441	11.261	nan	nan	11.211	nan	nan	nan	nan	nan	nan	nan	15.231	14.101	11.301	16.301	15.051		12.951	12.821	12.751		14.461	13.021	14.791	15.111	12.871	15.581	14.021						12.033
	14.661	nan	nan	nan	nan	nan	nan	nan	nan	nan	12.371	11.421	nan	nan	11.171	nan	nan	nan	nan	nan	nan	nan	15.311	14.231	11.481	16.301	14.981		13.071	12.711	12.711		14.541	13.071	14.791	15.211	12.781	15.601	14.091						12.128
	14.641	nan	nan	nan	nan	nan	nan	nan	nan	nan	12.311	11.571	nan	nan	11.131	nan	nan	nan	nan	nan	nan	nan	15.381	14.441	11.671	16.271	14.921		13.171	12.571	12.661		14.621	13.171	14.781	15.301	12.641	15.621	14.161						12.228
	14.641	nan	nan	nan	nan	nan	nan	nan	nan	nan	12.261	11.721	nan	nan	11.041	nan	nan	nan	11.401	nan	nan	nan	15.421	14.581	11.781	16.261	14.881		13.211	12.501	12.651		14.721	13.261	14.771	15.361	12.461	15.671	14.221						12.283
	14.641	nan	nan	nan	nan	nan	nan	nan	nan	nan	nan	11.821	nan	11.251	10.981	nan	nan	nan	11.341	nan	13.931	nan	15.471	14.491	11.841	16.231	14.881		13.231	12.441	12.711		14.821	13.421	14.761	15.411	12.311	15.681	14.241						12.308
	14.601	nan	nan	nan	nan	nan	nan	nan	nan	nan	12.281	11.651	nan	11.021	10.931	nan	nan	nan	11.271	nan	13.931	nan	15.501	14.291	11.901	16.211	14.871		13.251	12.391	12.811		14.911	13.641	14.731	15.451	12.221	15.701	14.271						12.428
	14.601	nan	nan	nan	nan	nan	nan	nan	nan	nan	12.341	11.501	nan	10.851	10.921	14.461	nan	nan	nan	nan	13.921	nan	15.521	14.171	11.991	16.181	14.851		13.321	12.351	12.961		14.971	13.851	14.671	15.491	12.161	15.731	14.291						12.583
	14.631	nan	nan	nan	nan	nan	nan	nan	nan	nan	12.341	11.411	nan	10.901	10.831	14.461	nan	nan	nan	nan	13.921	12.431	15.531	13.991	12.071	16.171	14.821		13.371	12.401	13.151		15.021	13.971	14.671	15.531	12.221	15.741	14.291						12.638
11.501	14.631	13.101	nan	nan	nan	nan	nan	nan	nan	nan	12.351	11.321	nan	10.861	10.761	14.461	nan	nan	nan	nan	13.921	12.531	15.541	13.861	12.151	16.171	14.811	13.731	13.421	12.471	13.311		15.051	14.071	14.691	15.571	12.351	15.741	14.291						12.698
11.391	14.631	13.121	nan	nan	12.601	nan	nan	nan	nan	nan	12.341	11.211	nan	10.781	10.711	14.451	nan	nan	nan	nan	13.921	12.541	15.541	13.801	12.391	16.161	14.811	13.701	13.411	12.651	13.431		15.091	14.181	14.711	15.601	12.471	15.751	14.331						12.748
11.231	14.601	12.941	nan	nan	12.791	nan	11.281	nan	13.591	11.841	12.341	11.421	nan	nan	10.651	14.431	nan	nan	nan	nan	13.921	12.541	15.541	13.761	12.601	16.151	14.801	13.631	13.401	12.841	13.571		15.081	14.301	14.731	15.661	12.531	15.771	14.331						12.793
11.131	14.561	12.991	nan	nan	13.041	nan	11.361	nan	13.621	11.881	12.391	11.721	nan	10.651	10.621	14.411	nan	nan	nan	nan	13.931	12.541	15.531	13.721	12.711	16.141	14.801	13.561	13.391	12.871	13.681		15.061	14.371	14.771	15.721	12.601	15.791	14.321						12.943
11.101	14.541	13.011	nan	nan	13.111	nan	11.441	nan	13.641	12.071	12.481	12.061	nan	10.641	10.721	14.411	nan	nan	nan	nan	13.951	12.591	15.521	13.671	12.821	16.131	14.791	13.471	13.381	12.711	13.831		15.051	14.441	14.791	15.751	12.621	15.801	14.371						13.113
11.121	14.521	13.041	nan	nan	13.141	nan	11.451	nan	13.671	12.101	12.551	12.371	nan	11.191	10.991	14.401	nan	nan	nan	nan	14.051	12.651	15.521	13.601	13.001	16.131	14.801	13.371	13.371	12.581	13.931		15.061	14.541	14.781	15.791	12.721	15.821	14.411						13.263
11.051	14.521	13.081	nan	nan	13.211	nan	11.431	nan	13.681	12.071	12.621	12.701	nan	11.681	11.131	14.391	nan	nan	nan	nan	14.131	12.701	15.531	13.551	13.231	16.141	14.811	13.251	13.371	12.441	14.001		15.101	14.651	14.771	15.821	12.861	15.881	14.441						13.433
11.041	14.481	13.121	nan	nan	nan	nan	11.431	nan	13.751	12.011	12.711	12.841	nan	11.941	11.291	14.341	nan	nan	nan	nan	14.211	12.741	15.511	13.501	13.301	16.161	14.811	13.101	13.401	12.361	14.001		15.151	14.751	14.751	15.831	12.941	15.921	14.531						13.558
11.051	14.471	13.141	nan	nan	nan	nan	11.591	nan	13.811	11.921	12.761	12.931	nan	12.161	11.531	14.301	nan	nan	nan	13.331	14.321	12.751	15.491	13.501	13.371	16.181	14.811	13.121	13.511	12.321	13.971		15.191	14.831	14.731	15.841	13.031	15.951	14.611						13.643
	14.471	13.181	nan	nan	nan	nan	11.661	nan	13.941	11.831	12.781	13.021	nan	12.301	11.731	14.291	nan	nan	nan	13.351	14.401	12.731	15.471	13.601	13.451	16.201	14.821	13.101	13.641	12.311	13.951	13.871	15.241	14.921	14.721	15.861	13.131	15.991	14.741						13.718
	14.511	13.181	nan	nan	nan	nan	11.651	nan	14.051	11.811	12.731	13.021	nan	12.431	11.861	14.331	nan	nan	nan	13.411	14.491	12.701	15.451	13.741	13.541	16.221	14.831	13.091	13.751	12.331	13.911	13.951	15.311	15.001	14.741	15.871	13.281	16.061	14.851						13.773
	14.551	13.151	nan	nan	nan	nan	11.661	nan	14.171	11.801	12.701	13.001	nan	12.581	12.141	14.281	nan	nan	nan	13.491	14.531	12.651	15.441	13.881	13.581	16.231	14.841	13.081	13.871	12.391	13.891	14.021	15.351	15.031	14.761	15.881	13.441	16.111	14.931						13.813
	14.591	13.071	nan	nan	nan	nan	11.711	nan	14.271	11.831	12.681	12.971	nan	12.741	12.301	14.261	nan	nan	nan	13.551	14.581	12.571	15.431	13.941	13.541	16.251	14.831	13.111	13.971	12.561	13.921	14.121	15.391	15.051	14.781	15.901	13.551	16.151	14.981						13.858
	14.601	12.981	nan	nan	nan	nan	11.821	nan	14.371	12.361	12.621	12.921	nan	12.821	12.421	14.251	13.101	nan	nan	13.601	14.631	12.581	15.421	14.001	13.591	16.261	14.821	13.201	14.041	12.751	13.991	14.211	15.441	15.071	14.801	15.921	13.721	16.171	15.041						13.923
	14.621	12.851	nan	nan	nan	nan	11.811	nan	14.491	12.621	12.621	12.941	nan	12.841	12.601	14.201	13.061	nan	nan	13.631	14.661	12.621	15.411	14.071	13.671	16.291	14.811	13.281	14.111	13.041	14.011	14.271	15.501	15.091	14.831	15.931	13.921	16.231	15.091						13.988
	14.631	12.731	nan	nan	nan	nan	11.791	nan	14.591	12.811	12.591	12.941	nan	12.851	12.681	14.141	13.031	nan	nan	13.651	14.691	12.681	15.411	14.111	13.851	16.311	14.821	13.311	14.161	13.221	14.031	14.311	15.551	15.101	14.851	15.941	14.031	16.321	15.141						14.028
	14.641	12.641	nan	nan	nan	nan	11.731	nan	14.681	12.961	12.651	12.931	nan	12.731	12.791	14.071	12.981	nan	nan	13.691	14.731	12.711	15.401	14.101	13.951	16.321	14.851	13.341	14.181	13.321	14.061	14.351	15.591	15.121	14.901	15.961	14.101	16.371	15.151						14.078
	14.641	12.571	nan	nan	nan	nan	11.661	nan	14.761	13.131	12.721	12.891	nan	12.581	12.901	14.001	12.931	nan	nan	13.731	14.751	12.731	15.401	14.151	14.101	16.341	14.901	13.381	14.181	13.421	14.121	14.381	15.631	15.141	14.951	15.971	14.151	16.421	15.211						14.123
	14.631	12.491	nan	nan	nan	nan	11.631	nan	14.841	13.251	12.781	12.851	nan	12.421	nan	13.931	12.881	nan	nan	13.771	14.771	12.741	15.401	14.191	14.221	16.351	14.951	13.471	14.181	13.541	14.171	14.401	15.671	15.181	14.971	15.981	14.201	16.501	15.301						14.193
	14.611	12.421	nan	nan	nan	nan	11.661	nan	14.881	13.461	12.831	12.681	nan	12.291	nan	13.831	12.831	nan	nan	13.811	14.811	12.781	15.401	14.171	14.221	16.361	15.001	13.541	14.191	13.731	14.211	14.441	15.711	15.231	14.941	15.991	14.211	16.571	15.361						14.228
	14.561	12.391	nan	nan	nan	nan	11.771	nan	14.941	13.651	12.911	12.551	nan	12.161	nan	13.771	12.851	nan	nan	13.851	14.861	12.801	15.401	14.191	14.311	16.371	15.031	13.601	14.211	13.851	14.231	14.431	15.751	15.281	14.941	15.991	14.221	16.671	15.431						14.243
	14.561	12.381	nan	nan	nan	nan	11.801	nan	15.011	13.791	13.001	12.401	nan	12.021	nan	13.741	12.961	nan	nan	13.901	14.901	12.821	15.381	14.171	14.361	16.381	15.081	13.641	14.261	13.951	14.251	14.421	15.781	15.341	14.941	16.001	14.251	16.781	15.481						14.258
	14.521	12.371	nan	nan	nan	nan	11.811	nan	15.051	13.911	13.011	12.291	nan	nan	nan	13.681	13.051	nan	nan	13.911	14.941	12.891	15.361	14.281	14.401	16.381	15.111	13.621	14.331	14.181	14.291	14.501	15.811	15.401	14.931	16.001	14.331	16.871	15.541						14.268
	14.491	12.351	nan	nan	nan	nan	11.761	nan	15.101	13.991	13.021	12.151	nan	nan	nan	13.611	13.131	nan	nan	13.931	14.991	13.041	15.341	14.371	14.441	16.391	15.141	13.531	14.401	14.381	14.311	14.551	15.831	15.461	14.981	16.011	14.351	16.961	15.621						14.238
	14.511	12.341	nan	nan	nan	nan	11.721	nan	15.161	14.081	12.991	12.091	nan	nan	nan	13.541	13.211	nan	nan	13.961	15.021	13.241	15.321	14.491	14.581	16.401	15.171	13.431	14.501	14.541	14.321	14.611	15.851	15.521	15.021	16.011	14.321	17.051	15.711						14.208
	14.521	12.441	nan	nan	nan	nan	11.771	nan	15.221	14.151	12.951	12.021	nan	nan	nan	13.481	13.291	nan	11.411	14.011	15.041	13.381	15.281	14.671	14.641	16.401	15.211	13.331	14.641	14.631	14.341	14.661	15.891	15.601	15.081	16.021	14.301	17.171	15.811						14.193
	14.541	12.551	nan	nan	nan	nan	11.991	nan	15.281	14.231	12.891	11.941	nan	nan	nan	13.411	13.361	nan	11.691	14.071	15.051	13.441	15.251	14.851	14.701	16.411	15.231	13.241	14.721	14.711	14.431	14.711	15.921	15.641	15.191	16.021	14.271	17.251	15.901						14.208
	14.561	12.651	nan	nan	nan	nan	12.171	nan	15.331	14.261	12.831	12.441	nan	nan	nan	13.351	13.461	nan	11.771	14.171	15.061	13.541	15.201	14.931	14.751	16.421	15.231	13.191	14.791	14.761	14.521	14.751	15.961	15.701	15.251	16.011	14.261	17.361	15.991						14.243
	14.621	12.761	nan	nan	nan	nan	12.441	nan	15.361	14.311	12.881	12.641	nan	12.041	nan	13.321	13.541	nan	11.841	14.251	15.071	13.671	15.141	15.121	14.761	16.431	15.231	13.101	14.971	14.821	14.581	14.781	16.021	15.761	15.341	15.981	14.271	17.441	16.081						14.303
	14.671	12.851	nan	nan	nan	nan	12.701	nan	15.411	14.341	12.951	12.721	nan	12.321	nan	13.291	13.611	nan	11.951	14.311	15.071	13.791	15.131	15.301	14.761	16.441	15.231	13.001	15.071	14.881	14.621	14.821	16.081	15.831	15.401	15.951	14.311	17.531	16.141						14.313
12.911	14.721	12.911	nan	nan	nan	nan	12.821	nan	15.441	14.441	13.041	12.821	nan	12.411	nan	13.251	nan	nan	12.161	14.351	15.091	13.841	15.121	15.371	14.661	16.451	15.231	12.981	15.091	14.921	14.631	14.861	16.141	15.881	15.471	15.971	14.371	17.621	16.221						14.328
12.991	14.791	12.991	nan	nan	nan	14.251	nan	nan	15.491	14.491	13.111	13.001	nan	12.691	nan	13.251	nan	nan	nan	14.411	15.091	13.901	15.111	15.431	14.791	16.471	15.251	13.011	15.101	14.941	14.641	14.901	16.191	15.921	15.541	16.011	14.451	17.721	16.281						14.338
13.121	14.861	13.121	nan	nan	nan	14.311	12.891	14.901	15.531	14.531	13.201	13.251	nan	12.981	nan	13.321	nan	nan	nan	14.451	15.151	13.991	15.111	15.481	14.871	16.491	15.271	13.011	15.121	14.921	14.651	14.931	16.241	15.971	15.621	16.031	14.531	17.821	16.341						14.318
13.261	14.931	13.261	nan	nan	nan	14.321	12.911	14.951	15.581	14.571	13.421	13.361	14.901	13.271	nan	13.411	nan	nan	nan	14.481	15.191	14.111	15.101	15.461	14.991	16.511	15.291	13.061	15.151	14.891	14.691	14.951	16.301	16.041	15.691	16.071	14.611	17.911	16.411						14.298
13.371	14.991	13.371	nan	nan	nan	14.551	12.951	15.021	15.641	14.641	13.631	13.391	14.961	13.291	nan	13.481	nan	nan	nan	14.501	15.231	14.221	15.121	15.471	15.121	16.541	15.311	13.131	15.191	14.841	14.731	14.991	16.321	16.111	15.741	16.111	14.681	18.001	16.511						14.268
13.491	15.261	13.491	nan	nan	nan	14.691	12.981	15.091	15.671	14.681	13.761	13.431	15.001	13.411	nan	13.571	nan	nan	nan	14.551	15.271	14.331	15.141	15.491	15.211	16.561	15.351	13.281	15.231	14.841	14.801	15.041	16.371	16.151	15.801	16.151	14.801	18.061	16.581						14.268
13.681	15.141	13.681	nan	nan	nan	14.741	13.011	15.171	15.721	14.701	13.871	13.471	15.031	13.511	nan	13.671	14.481	nan	nan	14.601	15.311	14.401	15.201	15.541	15.271	16.601	15.391	13.391	15.231	14.841	14.851	15.081	16.421	16.191	15.861	16.201	14.921	18.131	16.651						14.338
13.831	15.221	13.831	nan	nan	nan	14.791	13.041	15.211	15.791	14.741	13.971	13.501	15.051	13.621	nan	13.751	14.591	nan	nan	14.651	15.351	14.471	15.261	15.471	15.311	16.621	15.421	13.551	15.211	14.821	14.891	15.131	16.471	16.241	15.931	16.231	15.001	18.191	16.751						14.388
13.941	nan	13.941	nan	nan	nan	14.791	13.031	15.301	15.831	14.761	14.031	13.511	15.061	13.671	nan	13.821	14.701	nan	nan	14.701	15.391	14.531	15.261	15.391	15.361	16.641	15.451	13.731	15.181	14.821	14.931	15.181	16.531	16.281	15.981	16.241	15.071	18.271	16.841						14.413
14.041	15.321	14.041	nan	nan	nan	14.811	nan	15.341	15.861	14.781	14.061	13.521	15.081	13.731	nan	13.891	14.781	nan	nan	14.731	15.441	14.591	15.271	15.321	15.441	16.661	15.481	13.901	15.141	14.821	14.971	15.221	16.581	16.331	16.031	16.261	15.131	18.321	16.911						14.453
14.151	15.361	14.151	nan	nan	nan	14.811	nan	15.431	15.881	14.811	14.081	13.531	15.091	13.781	nan	13.961	14.861	nan	nan	14.761	15.491	14.631	15.311	15.231	15.571	16.681	15.521	14.071	15.101	14.831	15.011	15.251	16.661	16.371	16.061	16.271	15.211	18.351	16.961						14.493
14.191	15.421	14.191	nan	nan	nan	14.791	nan	15.491	15.951	14.831	14.101	13.541	15.101	13.861	nan	14.061	14.931	nan	nan	14.801	15.531	14.651	15.331	15.161	15.681	16.701	15.561	14.171	15.021	14.871	15.021	15.291	16.741	16.421	16.081	16.291	15.261	18.381	17.041						14.533
14.271	15.441	14.271	nan	nan	nan	14.821	nan	15.531	15.991	14.851	14.101	13.561	15.111	13.901	nan	14.131	14.981	nan	nan	14.891	15.571	14.701	15.351	15.071	15.741	16.721	15.601	14.271	13.441	14.911	15.031	15.331	16.781	16.461	16.101	16.321	15.341	18.431	17.101						14.633
14.331	15.481	14.331	nan	nan	nan	14.811	nan	15.631	16.021	14.861	14.081	13.601	15.121	13.961	nan	14.201	15.071	nan	nan	14.981	15.601	14.751	15.381	15.071	15.771	16.741	15.641	14.341	14.901	14.931	15.051	15.361	16.831	16.501	16.101	16.331	15.391	18.431	17.161						14.743
14.371	15.511	14.371	nan	nan	nan	14.801	nan	15.701	16.071	14.861	14.091	13.691	15.141	14.021	nan	14.311	15.121	nan	nan	15.041	15.631	14.791	15.401	15.041	15.831	16.791	15.671	14.351	14.861	14.971	15.071	15.381	16.871	16.541	16.101	16.371	15.441	18.441	17.211						14.813
14.411	15.541	14.411	nan	nan	nan	14.771	nan	15.781	16.111	14.871	14.161	13.791	15.171	14.121	nan	14.391	15.181	nan	nan	15.071	15.661	14.831	15.441	15.081	15.861	16.811	15.711	14.351	14.771	14.971	15.091	15.421	16.911	16.571	16.101	16.381	15.481	18.441	17.231						14.923
14.451	15.571	14.451	nan	nan	nan	14.741	nan	15.861	16.191	14.871	14.221	13.881	15.211	14.211	nan	14.491	15.241	nan	nan	15.161	15.691	14.851	15.481	15.111	15.871	16.831	15.751	14.361	14.681	15.011	15.111	15.511	16.961	16.611	16.081	16.391	15.511	18.441	17.271						14.998
14.491	15.601	14.491	nan	nan	nan	14.721	13.451	15.931	16.251	14.881	14.251	14.001	15.231	14.211	nan	14.601	15.271	nan	nan	15.241	15.721	14.861	15.511	15.181	15.861	16.861	15.791	14.381	14.651	15.031	15.151	15.591	17.001	16.661	16.101	16.401	15.531	18.431	17.311						15.058
14.531	15.621	14.531	nan	nan	nan	14.761	13.491	15.991	16.311	14.891	14.271	14.051	15.231	14.201	nan	14.681	15.281	nan	nan	15.311	15.731	14.881	15.531	15.231	15.861	16.871	15.831	14.441	14.641	15.031	15.171	15.651	17.061	16.711	16.141	16.411	15.541	18.401	17.361						15.123
14.551	15.651	14.551	nan	nan	nan	14.811	13.541	16.041	16.331	14.931	14.321	14.111	15.231	14.191	nan	14.741	15.301	nan	nan	15.371	15.751	14.891	15.561	15.291	15.861	16.891	15.871	14.501	14.681	15.051	15.191	15.701	17.101	16.761	16.181	16.431	15.551	18.381	17.411						15.173
14.541	15.681	14.591	nan	nan	nan	14.831	13.631	16.101	16.361	14.991	14.401	14.171	15.231	14.181	nan	14.781	15.311	nan	nan	15.441	15.801	14.921	15.601	15.281	15.851	16.931	15.911	14.521	14.721	15.091	15.221	15.751	17.141	16.831	16.201	16.441	15.591	18.381	17.431						15.238
14.631	15.691	14.631	nan	nan	nan	14.911	13.681	16.151	16.411	15.021	14.481	14.251	15.231	14.191	nan	14.801	15.321	nan	nan	15.511	15.831	14.951	15.641	15.301	15.791	16.951	15.951	14.531	14.791	15.111	15.271	15.811	17.171	16.861	16.231	16.441	15.601	18.391	17.451						15.323
14.671	15.721	14.661	nan	nan	nan	14.991	13.761	16.221	16.441	15.031	14.541	14.271	15.221	14.241	nan	14.831	15.321	nan	nan	15.541	15.851	14.991	15.701	15.281	15.771	16.971	15.991	14.571	14.861	15.121	15.331	15.871	17.201	16.881	16.271	16.431	15.651	18.401	17.481						15.383
14.661	15.731	14.661	nan	nan	nan	15.041	13.821	16.331	16.521	15.051	14.591	14.301	15.191	14.281	nan	14.861	15.321	nan	nan	15.561	15.881	15.061	15.751	15.241	15.751	16.981	16.031	14.601	14.911	15.111	15.401	15.921	17.241	16.921	16.321	16.421	15.661	18.401	17.481						15.453
14.651	15.741	14.651	nan	nan	nan	15.101	13.841	16.401	16.581	15.101	14.631	14.321	15.191	14.301	nan	14.891	15.331	nan	nan	15.601	15.911	15.141	15.811	15.211	15.721	17.001	16.071	14.611	14.941	15.101	15.461	15.951	17.261	16.951	16.361	16.411	15.681	18.421	17.461						15.493
14.651	15.751	14.651	nan	nan	nan	15.141	13.871	16.451	16.601	15.091	14.671	14.321	15.141	14.381	nan	14.891	15.331	nan	nan	15.641	15.931	15.161	15.831	15.181	15.751	17.021	16.111	14.621	15.041	15.111	15.531	16.001	17.301	16.991	16.411	16.401	15.711	18.421	17.461						15.543
14.701	15.751	14.701	nan	nan	nan	15.171	13.891	16.551	16.661	15.101	14.731	14.311	15.141	14.461	nan	14.891	15.331	nan	nan	15.681	15.941	15.181	15.851	15.101	15.731	17.041	16.161	14.631	15.131	15.131	15.551	15.981	17.351	16.981	16.451	16.391	15.761	18.431	17.441						15.613
14.741	15.761	14.741	nan	nan	nan	15.181	nan	16.621	16.691	15.111	14.811	14.321	15.151	14.531	nan	14.881	15.301	nan	nan	15.721	15.961	15.181	15.891	15.081	15.751	17.041	16.201	14.641	15.111	15.151	15.601	16.051	17.381	17.061	16.511	16.361	15.821	18.451	17.441						15.658
14.781	15.771	14.781	nan	nan	nan	15.171	nan	16.681	16.731	15.131	14.871	14.321	15.171	14.651	nan	14.881	15.331	nan	nan	15.751	15.991	15.191	15.931	15.041	15.781	17.061	16.231	14.671	15.071	15.161	15.671	16.081	17.401	17.111	16.551	16.331	15.871	18.461	17.411						15.698
14.811	15.781	14.811	nan	nan	nan	15.231	nan	16.741	16.771	15.141	14.921	14.291	15.201	14.771	nan	14.911	15.361	nan	nan	15.791	16.011	15.181	15.951	15.041	15.931	17.071	16.271	14.711	15.141	15.151	15.691	16.091	17.431	17.161	16.601	16.291	15.911	18.451	17.391						15.753
14.851	15.801	14.851	nan	nan	nan	15.311	nan	16.811	16.801	15.171	14.971	14.261	15.251	14.861	nan	14.941	15.371	nan	nan	15.811	16.051	15.171	15.991	15.001	16.061	17.081	16.291	14.781	15.191	15.151	15.731	16.111	17.451	17.201	16.641	16.251	15.951	18.501	17.371						15.773
14.881	15.831	14.881	nan	nan	nan	15.321	nan	16.911	16.831	15.211	15.031	14.241	15.291	14.901	nan	14.941	15.381	nan	nan	15.841	16.081	15.181	16.031	15.011	16.131	17.121	16.311	14.861	15.231	15.151	15.791	16.121	17.461	17.241	16.661	16.201	15.991	18.531	17.331						15.783
14.891	15.821	14.891	15.521	nan	15.731	15.341	nan	16.971	16.871	15.231	15.061	14.241	15.321	14.941	nan	14.981	15.381	nan	nan	15.871	16.101	15.201	16.071	15.031	16.181	17.121	16.331	14.911	15.301	15.181	15.811	16.131	17.481	17.301	16.711	16.151	16.031	18.541	17.291						15.883
14.891	15.821	14.891	15.521	nan	15.771	15.381	nan	17.041	16.901	15.281	15.101	14.241	15.351	14.971	nan	15.031	15.401	nan	nan	15.911	16.121	15.241	16.111	15.081	16.231	17.121	16.351	14.961	15.381	15.201	15.841	16.141	17.491	17.341	16.751	16.091	16.061	18.531	17.241						15.913
14.901	15.831	14.901	15.521	nan	15.831	15.411	nan	17.101	16.951	15.301	15.161	14.211	15.381	15.021	nan	15.071	15.411	nan	nan	15.961	16.131	15.271	16.151	15.101	16.301	17.111	16.381	15.031	15.451	15.241	15.871	16.151	17.511	17.361	16.791	16.021	16.111	18.521	17.181						15.948
14.931	15.831	14.931	15.521	nan	15.871	15.471	nan	17.151	17.001	15.371	15.311	14.191	15.421	13.561	nan	15.101	15.421	nan	nan	16.001	16.151	15.271	16.201	15.121	16.331	17.121	16.421	15.081	15.541	15.271	15.891	16.171	17.531	17.391	16.831	15.931	16.151	18.521	17.101						15.978
14.991	15.811	14.991	15.521	nan	15.891	15.511	nan	17.201	17.031	15.421	15.341	14.221	15.471	15.091	nan	15.121	15.421	nan	nan	16.041	16.191	15.331	16.241	15.131	16.341	17.121	16.451	15.121	15.641	15.321	15.911	16.191	17.551	17.431	16.871	15.881	16.201	18.521	17.021						16.018
15.051	15.791	15.051	15.521	nan	15.921	15.601	nan	17.201	17.061	15.461	15.361	14.251	15.521	15.101	nan	15.121	15.391	nan	nan	16.061	16.211	15.381	16.281	15.171	16.361	17.121	16.511	15.151	15.731	15.351	15.941	16.211	17.591	17.461	16.911	15.881	16.241	18.511	16.941						16.003
15.111	15.781	15.111	15.521	nan	15.941	15.681	nan	17.211	17.071	15.501	15.431	14.381	15.541	15.071	nan	15.131	15.351	nan	nan	16.071	16.231	15.421	16.321	15.191	16.391	17.131	16.591	15.181	15.801	15.391	15.961	16.241	17.631	17.511	16.971	15.971	16.271	18.511	16.861						16.043
15.141	15.751	15.141	15.521	nan	15.991	15.731	nan	17.381	17.101	15.531	15.481	14.481	15.571	14.971	nan	15.141	15.311	nan	nan	16.071	16.271	15.431	16.361	15.211	16.431	17.131	16.611	15.191	15.851	15.411	16.011	16.271	17.661	17.541	17.001	15.991	16.291	18.521	16.761						16.058
15.171	15.731	15.171	15.521	nan	15.991	15.801	nan	17.481	17.151	15.561	15.621	14.571	15.671	14.871	nan	15.141	15.281	nan	nan	16.071	16.281	15.461	16.401	15.231	16.421	17.121	16.631	15.191	15.891	15.421	16.051	16.301	17.661	17.561	17.071	16.011	16.331	18.521	16.671						16.078
15.211	15.711	15.211	15.521	nan	16.001	15.861	nan	17.551	17.181	15.581	15.661	14.641	15.731	14.841	nan	15.151	15.251	nan	nan	16.071	16.301	15.521	16.441	15.251	16.431	17.111	16.681	15.191	15.931	15.431	16.061	16.341	17.691	17.611	17.111	16.031	16.351	18.521	16.571						16.093
15.251	15.681	15.251	15.541	nan	16.021	15.901	nan	17.621	17.211	15.601	15.701	14.701	15.771	14.871	nan	15.111	15.211	nan	nan	16.071	16.341	15.551	16.461	15.261	16.461	17.121	16.721	15.191	15.961	15.451	16.071	16.361	17.701	17.641	17.141	16.061	16.381	18.481	16.491						16.093
15.261	15.641	15.261	15.561	nan	16.101	15.931	nan	17.681	17.211	15.601	15.741	14.751	15.801	14.891	nan	15.131	15.151	nan	nan	16.061	16.381	15.591	16.481	15.271	16.441	17.141	16.721	15.181	16.011	15.471	16.051	16.391	17.711	17.681	17.181	16.121	16.421	18.491	16.421						16.103
15.261	15.611	15.261	15.561	nan	16.121	15.981	nan	17.751	17.271	15.601	15.811	14.791	15.821	14.891	nan	15.131	15.081	nan	nan	16.041	16.391	15.631	16.511	15.251	16.461	17.161	16.731	15.191	16.071	15.491	16.041	16.411	17.721	17.731	17.211	16.181	16.431	18.461	16.341						16.108
15.261	15.561	15.261	15.591	nan	16.131	16.011	nan	17.801	17.301	15.621	15.901	14.801	15.841	nan	nan	15.141	15.041	nan	nan	16.031	16.411	15.661	16.541	15.231	16.451	17.161	16.751	15.181	16.141	15.511	16.011	16.441	17.731	17.781	17.271	16.231	16.451	18.441	16.271						16.078
15.261	15.511	15.261	15.631	nan	16.161	16.081	nan	17.851	17.301	15.621	15.941	14.771	15.841	nan	nan	15.141	15.041	nan	nan	16.031	16.421	15.691	16.611	15.221	16.491	17.161	16.781	15.171	16.191	15.551	15.971	16.461	17.751	17.821	17.301	16.271	16.491	18.431	16.191						16.058
15.241	15.491	15.241	15.671	nan	16.171	16.131	nan	17.891	17.321	15.621	15.951	14.741	15.851	14.821	nan	15.151	15.041	nan	nan	16.021	16.421	15.711	16.651	15.201	16.471	17.161	16.801	15.141	16.231	15.611	15.921	16.481	17.761	17.851	17.321	16.311	16.531	18.421	16.151						16.043
15.261	15.481	15.261	15.671	nan	16.191	16.171	nan	17.961	17.351	15.651	15.981	14.741	15.851	14.801	nan	15.151	15.031	nan	nan	16.011	16.431	15.731	16.691	15.171	16.461	17.171	16.811	15.121	16.251	15.691	15.861	16.481	17.781	17.881	17.331	16.341	16.551	18.401	16.111						16.043
15.261	15.501	15.261	15.691	nan	16.191	16.181	nan	18.011	17.381	15.651	16.011	14.701	15.851	14.781	nan	15.151	15.081	nan	nan	15.971	16.431	15.751	16.701	15.191	16.461	17.191	16.821	15.101	16.291	15.761	15.821	16.481	17.801	17.891	17.361	16.361	16.611	18.401	16.081						16.063
15.241	15.521	15.241	15.701	nan	16.191	16.201	nan	18.031	17.381	15.641	16.051	14.651	15.851	14.741	nan	15.151	15.111	nan	nan	15.981	16.431	15.791	16.741	15.191	16.461	17.211	16.831	15.071	16.321	15.811	15.791	16.491	17.821	17.901	17.371	16.381	16.661	18.361	16.021						16.058
	15.521	nan	15.681	nan	16.191	16.231	nan	18.071	17.381	15.621	16.091	14.591	15.831	14.721	nan	15.131	15.141	nan	nan	15.981	16.431	15.831	16.771	15.231	16.431	17.231	16.841	15.061	16.341	15.871	15.761	16.491	17.831	17.911	17.381	16.371	16.721	18.311	15.961						16.048
	15.531	nan	15.671	nan	16.231	16.241	nan	18.081	17.371	15.571	16.111	14.481	15.791	14.661	nan	15.111	15.161	nan	nan	15.971	16.411	15.851	16.791	15.261	16.501	17.251	16.851	15.041	16.351	15.901	15.741	16.481	17.841	17.921	17.401	16.411	16.771	18.281	15.911						16.058
	15.551	nan	15.641	nan	16.231	16.241	nan	18.101	17.371	15.531	16.131	14.401	15.751	14.631	nan	15.081	15.171	nan	nan	15.921	16.401	15.891	16.811	15.261	16.501	17.281	16.871	15.011	16.321	15.931	15.721	16.471	17.851	17.931	17.421	16.431	16.821	18.241	15.881						16.043
	15.571	nan	15.611	nan	16.231	16.251	nan	18.101	17.341	15.491	16.161	14.321	15.711	14.571	nan	15.091	15.191	nan	nan	15.881	16.391	15.921	16.831	15.261	16.521	17.321	16.911	14.971	16.301	15.971	15.671	16.471	17.861	17.931	17.431	16.461	16.891	18.211	15.871						16.023
	15.591	nan	15.571	nan	16.221	16.281	nan	18.131	17.341	15.431	16.181	14.241	15.651	14.521	nan	15.101	15.171	nan	nan	15.861	16.381	15.951	16.851	15.291	16.511	17.341	16.951	14.941	16.281	15.991	15.621	16.461	17.871	17.951	17.451	16.481	16.921	18.191	15.841						15.993
	15.601	nan	15.511	nan	16.211	16.291	nan	18.131	17.311	15.391	16.201	14.211	15.591	14.461	nan	15.121	15.151	nan	nan	15.861	16.371	15.981	16.881	15.271	16.521	17.371	16.981	14.911	16.261	16.011	15.531	16.461	17.881	17.991	17.461	16.481	16.971	18.171	15.811						15.963
	15.621	nan	15.471	nan	16.191	16.301	nan	18.121	17.321	15.311	16.221	14.181	15.601	14.351	nan	15.121	15.121	nan	nan	15.871	16.391	16.001	16.901	15.271	16.491	17.421	17.001	14.871	16.241	16.021	15.441	16.451	17.891	18.011	17.461	16.481	17.011	18.131	15.751						15.953
	15.631	nan	15.441	nan	16.161	16.321	nan	18.111	17.231	15.201	16.231	14.071	15.591	14.281	nan	15.111	15.091	nan	nan	15.801	16.381	16.031	16.911	15.241	16.481	17.441	17.021	14.821	16.221	16.041	15.371	16.451	17.901	18.001	17.461	16.461	17.031	18.091	15.691						15.923
	15.621	nan	15.441	nan	16.131	16.331	nan	18.101	17.221	15.111	16.261	13.941	15.601	14.211	nan	15.101	15.071	nan	nan	15.761	16.341	16.051	16.921	15.241	16.541	17.441	17.041	14.701	16.191	16.041	15.301	16.441	17.871	17.981	17.461	16.451	17.061	18.051	15.651						15.883
	15.601	nan	15.451	nan	16.111	16.331	nan	18.091	17.181	15.021	16.281	13.821	15.601	14.161	nan	15.091	15.071	nan	nan	15.741	16.301	16.061	16.931	15.221	16.521	17.451	17.061	14.571	16.151	16.041	15.211	16.441	17.851	17.961	17.461	16.441	17.081	18.041	15.611						15.883
	15.571	nan	15.461	nan	16.091	16.301	nan	18.091	17.141	14.901	16.291	13.801	15.591	14.131	nan	nan	15.031	nan	nan	15.721	16.271	16.061	16.971	15.221	16.621	17.471	17.071	14.441	16.121	16.041	15.141	16.441	17.831	17.931	17.471	16.431	17.111	18.061	15.541						15.828
	15.531	nan	15.461	nan	16.041	16.291	nan	18.111	17.011	14.811	16.291	13.761	15.591	14.071	nan	nan	15.001	nan	nan	15.711	16.241	16.061	17.001	15.191	16.561	17.491	17.081	14.441	16.081	16.021	15.121	16.441	17.811	17.891	17.521	16.411	17.151	18.071	15.471						15.798
	15.501	nan	15.461	nan	16.021	16.291	14.491	18.111	17.091	14.731	16.301	13.741	15.591	13.921	nan	nan	14.951	nan	nan	15.691	16.201	16.051	17.021	15.181	16.501	17.501	17.091	14.441	15.971	16.001	15.101	16.431	17.771	17.831	17.541	16.401	17.181	18.061	15.431						15.768
	15.481	nan	15.441	nan	16.011	16.291	14.381	18.091	17.061	14.651	16.321	13.761	15.601	13.881	nan	nan	14.911	nan	nan	15.661	16.191	16.041	17.031	15.141	16.521	17.501	17.101	14.421	15.931	16.001	15.061	16.401	17.731	17.781	17.561	16.381	17.231	18.031	15.401						15.733
	15.461	nan	15.401	nan	16.001	16.271	14.331	18.051	16.931	14.611	16.341	13.751	15.611	13.811	nan	15.081	14.851	nan	nan	15.641	16.151	16.031	17.051	15.131	16.541	17.511	17.101	14.391	15.861	16.001	15.001	16.391	17.711	17.751	17.571	16.351	17.271	18.021	15.341						15.698
	15.441	nan	15.401	nan	15.941	16.261	14.291	18.041	16.831	14.531	16.361	13.761	15.631	13.811	nan	15.061	14.791	nan	nan	15.621	16.131	16.021	17.091	15.121	16.521	17.531	17.111	14.301	15.801	15.971	14.941	16.371	17.671	17.721	17.581	16.331	17.281	18.011	15.321						15.673
	15.421	nan	15.391	nan	15.911	16.241	14.311	18.011	16.781	14.501	16.371	13.621	15.651	13.781	nan	15.081	14.731	nan	nan	15.601	16.101	16.021	17.131	15.071	16.611	17.551	17.111	14.281	15.741	15.971	14.921	16.341	17.621	17.701	17.591	16.331	17.301	18.011	15.321						15.633
	15.411	nan	15.381	nan	15.871	16.211	14.281	17.971	16.691	14.431	16.401	13.451	15.641	13.731	nan	15.061	14.681	nan	nan	15.611	16.081	16.011	17.171	15.021	16.621	17.581	17.101	14.261	15.701	15.961	14.901	16.331	17.581	17.671	17.591	16.311	17.341	17.991	15.311						15.593
	15.381	nan	15.311	nan	15.841	16.181	14.231	17.921	16.631	14.391	16.421	13.351	15.641	13.711	nan	15.051	14.641	nan	nan	15.631	16.081	16.001	17.211	14.981	16.651	17.621	17.081	14.251	15.671	15.961	14.881	16.321	17.531	17.631	17.601	16.291	17.371	17.961	15.311						15.553
	15.331	nan	15.271	nan	15.841	16.131	14.161	17.871	16.581	14.341	16.451	13.291	15.631	13.731	nan	15.001	14.611	nan	nan	15.641	16.111	15.991	17.241	14.871	16.701	17.631	17.071	14.261	15.641	15.971	14.861	16.301	17.481	17.591	17.631	16.261	17.391	17.951	15.271						15.498
	15.291	nan	15.171	nan	15.831	16.061	14.051	17.851	16.511	14.341	16.491	13.201	15.611	13.761	nan	14.961	14.581	nan	nan	15.651	16.141	16.031	17.281	14.801	16.731	17.641	17.051	14.291	15.611	15.991	14.851	16.281	17.431	17.541	17.661	16.241	17.401	17.921	15.201						15.448
	15.251	nan	15.091	nan	15.811	15.991	13.991	17.851	16.441	14.341	16.541	13.111	15.581	13.801	nan	14.971	14.561	nan	nan	15.651	16.151	16.081	17.301	14.791	16.761	17.671	17.051	14.331	15.541	16.001	14.851	16.261	17.371	17.491	17.701	16.221	17.421	17.881	15.131						15.393
	15.241	nan	15.001	nan	15.741	15.911	13.941	17.821	16.381	14.331	16.581	13.041	15.571	13.801	nan	14.981	14.551	nan	nan	15.651	16.161	16.111	17.331	14.691	16.811	17.681	17.011	14.371	15.511	16.011	14.931	16.241	17.311	17.431	17.741	16.191	17.431	17.861	15.101						15.353
	15.221	nan	14.931	nan	15.741	15.851	13.871	17.791	16.311	14.361	16.601	13.051	15.531	13.791	nan	15.001	14.581	nan	nan	15.631	16.161	16.121	17.361	14.671	16.811	17.681	16.981	14.411	15.461	15.991	14.941	16.231	17.251	17.401	17.751	16.141	17.461	17.861	15.091						
	15.221	nan	14.911	nan	15.741	15.801	13.831	17.761	16.241	14.461	16.621	13.081	15.521	13.821	nan	15.021	14.611	nan	nan	15.611	16.151	16.121	17.401	14.661	16.821	17.691	16.931	14.431	15.381	15.971	14.951	16.181	17.171	17.361	17.771	16.071	17.511	17.841	15.061						15.243
	15.181	nan	14.911	nan	15.791	15.801	13.751	17.711	16.201	14.491	16.651	13.111	15.481	13.831	nan	15.001	14.631	nan	nan	15.591	16.131	16.101	17.421	14.641	16.831	17.701	16.871	14.431	15.291	15.961	14.971	16.121	17.071	17.281	17.791	16.021	17.541	17.821	15.061						15.213
	15.111	nan	14.891	nan	15.821	15.761	13.711	17.671	16.151	14.451	16.671	13.111	15.431	13.821	nan	14.981	14.651	nan	nan	15.571	16.111	16.081	17.451	14.591	16.821	17.681	16.831	14.391	15.211	15.941	14.991	16.061	16.991	17.201	17.791	15.961	17.561	17.811	15.061						15.168
	15.071	nan	14.871	nan	15.841	15.721	13.691	17.671	16.111	14.411	16.701	13.091	15.381	13.841	nan	14.941	14.681	nan	nan	15.541	16.081	16.081	17.501	14.581	16.811	17.671	16.801	14.371	15.161	15.911	15.011	16.001	16.911	17.131	17.801	15.901	17.611	17.801	15.051						15.113
	15.051	nan	14.841	nan	15.851	15.721	13.651	17.671	16.071	14.371	16.741	13.071	15.321	13.851	nan	14.881	14.711	nan	nan	15.531	16.021	16.071	17.531	14.531	16.811	17.661	16.761	14.331	15.111	15.891	15.031	15.991	16.861	17.091	17.821	15.831	17.641	17.781	15.041						15.093
	15.031	nan	14.801	nan	15.871	15.721	13.701	17.641	16.021	14.341	16.761	13.101	15.281	13.871	nan	14.811	14.741	nan	nan	15.521	15.981	16.031	17.551	14.521	16.801	17.631	16.741	14.311	15.071	15.881	15.051	16.051	16.861	17.051	17.821	15.791	17.691	17.761	15.021						15.083
	15.051	nan	14.781	nan	15.921	15.721	13.661	17.611	15.951	14.301	16.791	13.151	15.221	13.881	nan	14.741	14.781	nan	nan	15.511	15.941	15.991	17.571	14.521	16.811	17.611	16.721	14.301	15.031	15.821	15.071	16.111	16.821	17.031	17.831	15.731	17.731	17.741	15.041						
	15.091	nan	14.741	nan	15.841	15.721	13.601	17.581	15.901	14.271	16.811	13.241	15.221	13.891	nan	14.641	14.801	nan	nan	15.481	15.891	15.971	17.611	14.471	16.831	17.541	16.711	14.341	15.011	15.761	15.161	16.181	16.761	17.001	17.841	15.681	17.771	17.721	15.011						14.883
	15.121	nan	14.691	nan	15.831	15.711	13.561	17.571	15.851	nan	16.841	13.491	15.241	13.921	nan	14.561	14.851	nan	nan	15.461	15.841	15.971	17.621	14.411	16.841	17.581	16.711	14.381	14.981	15.641	15.261	16.231	16.681	16.981	17.851	15.631	17.801	17.711	14.941						14.833
	15.111	nan	14.641	nan	15.821	15.701	13.551	17.551	15.771	nan	16.851	13.601	15.191	14.001	nan	14.491	14.881	nan	nan	15.401	15.791	15.961	17.621	14.351	16.861	17.561	16.691	14.421	14.961	15.561	15.291	16.261	16.611	16.961	17.851	15.621	17.831	17.691	14.871						14.788
	15.071	nan	14.641	nan	15.781	15.681	13.541	17.521	15.671	nan	16.871	13.701	15.081	14.071	nan	14.481	14.891	nan	nan	15.341	15.741	15.961	17.671	14.311	16.851	17.541	16.671	14.441	14.971	15.501	15.311	16.231	16.541	16.941	17.851	15.611	17.881	17.671	14.801						14.703
	15.051	nan	14.641	nan	15.751	15.661	13.601	17.501	15.601	nan	16.881	13.761	15.011	14.101	nan	14.511	14.901	nan	nan	15.291	15.691	15.961	17.701	14.321	16.851	17.511	16.651	14.531	14.971	15.481	15.341	16.161	16.461	16.921	17.851	15.591	17.901	17.631	14.761						14.633
	15.041	nan	14.671	nan	15.721	15.621	13.691	17.481	15.551	nan	16.901	13.821	14.931	14.091	nan	14.561	14.871	nan	nan	15.251	15.641	15.961	17.711	14.251	16.851	17.471	16.631	14.501	14.961	15.491	15.331	16.091	16.411	16.921	17.851	15.541	17.921	17.601	14.701						14.583
	15.021	nan	14.711	nan	15.701	15.571	13.811	17.461	15.471	nan	16.901	13.821	14.881	14.131	nan	14.621	14.881	nan	nan	15.201	15.591	15.981	17.721	14.131	16.861	17.441	16.611	14.501	14.921	15.501	15.341	16.031	16.361	16.901	17.851	15.431	17.961	17.591	14.621						14.553
	15.031	nan	14.721	nan	15.681	15.531	13.911	17.421	15.371	nan	16.911	13.821	14.811	14.161	nan	14.711	14.841	nan	nan	15.171	15.521	16.001	17.731	13.991	16.841	17.411	16.611	14.501	14.841	15.511	15.351	15.981	16.311	16.861	17.861	15.361	17.971	17.631	14.581						14.588
	15.031	nan	14.691	nan	15.621	15.471	13.971	17.401	15.321	nan	16.921	13.881	14.681	14.211	nan	14.741	14.771	nan	nan	15.131	15.461	16.031	17.731	13.841	16.841	17.381	16.601	14.511	14.791	15.521	15.361	15.891	16.301	16.831	17.871	15.331	17.991	17.691	14.611						14.618
	15.031	nan	14.631	nan	15.561	15.411	14.021	17.351	15.321	nan	16.921	13.971	14.591	14.271	nan	14.771	14.721	nan	nan	15.081	15.391	16.101	17.731	13.711	16.811	17.331	16.601	14.521	14.731	15.521	15.371	15.811	16.291	16.851	17.871	15.281	18.061	17.661	14.611						14.643
	15.051	nan	14.551	nan	15.481	15.311	14.101	17.311	15.301	nan	16.931	14.071	14.511	14.341	nan	14.801	14.701	nan	nan	15.031	15.321	16.241	17.731	13.621	16.811	17.291	16.591	14.511	14.631	15.531	15.381	15.721	16.271	16.821	17.871	15.271	18.081	17.641	14.641						14.648
	15.071	nan	14.481	nan	15.471	15.251	14.171	17.251	15.281	nan	16.921	14.031	14.441	14.371	nan	14.851	14.681	nan	nan	15.001	15.261	16.251	17.731	13.531	16.771	17.261	16.591	14.511	14.591	15.531	15.391	15.631	16.251	16.781	17.871	15.191	18.151	17.631	14.721						14.638
	15.051	nan	14.411	nan	15.331	15.231	14.241	17.191	15.261	nan	16.901	14.101	14.411	14.431	nan	14.901	14.651	nan	nan	14.981	15.141	16.261	17.721	13.471	16.711	17.251	16.601	14.511	14.521	15.541	15.401	15.601	16.221	16.731	17.881	15.101	18.161	17.631	14.771						14.623
	15.021	nan	14.361	nan	15.301	15.191	14.251	17.151	15.241	nan	16.881	14.131	14.371	14.531	nan	14.941	14.611	nan	nan	14.931	15.071	16.281	17.711	13.421	16.641	17.251	16.611	14.511	14.461	15.571	15.401	15.561	16.181	16.691	17.881	15.041	18.181	17.631	14.791						14.618
	14.981	nan	14.331	nan	nan	15.181	14.261	17.081	15.211	nan	16.871	14.131	14.341	14.631	nan	14.891	nan	nan	nan	14.891	15.011	16.321	17.711	13.381	16.571	17.251	16.621	14.501	14.401	15.621	15.381	15.511	16.131	16.651	17.871	14.991	18.181	17.611	14.811						14.603
	14.961	nan	14.271	nan	nan	15.181	14.251	17.011	15.201	nan	16.851	14.121	14.291	14.721	nan	14.811	nan	nan	nan	14.851	14.971	16.361	17.701	13.331	16.521	17.231	16.631	14.491	14.341	15.651	15.371	15.451	16.081	16.631	17.861	14.971	18.201	17.591	14.831						14.603
	14.941	nan	14.241	nan	nan	15.151	14.211	16.911	15.171	nan	16.841	14.091	nan	14.821	nan	14.811	nan	nan	nan	14.821	14.901	16.421	17.691	13.281	16.461	17.211	16.641	14.491	14.321	15.701	15.371	15.421	16.031	16.611	17.851	14.941	18.241	17.541	14.861						14.603
	14.931	nan	14.201	nan	nan	15.091	14.151	16.821	15.141	nan	16.831	14.091	nan	14.921	nan	14.811	nan	nan	nan	14.791	14.841	16.461	17.631	13.251	16.391	17.151	16.651	14.451	14.231	15.731	15.381	15.391	15.981	16.581	17.851	15.021	18.291	17.541	14.891						14.608
	14.941	nan	14.151	nan	nan	15.051	14.111	16.771	15.141	nan	16.821	14.101	nan	15.021	nan	14.791	nan	nan	nan	14.731	14.821	16.501	17.611	13.251	16.371	17.101	16.661	14.411	14.081	15.731	15.381	15.381	15.961	16.591	17.851	15.141	18.311	17.521	14.901						14.613
	14.941	nan	14.071	nan	nan	14.961	14.121	16.671	15.141	nan	16.801	14.111	nan	15.101	nan	14.781	nan	nan	nan	14.671	14.811	16.551	17.601	13.221	16.311	17.061	16.681	14.351	14.001	15.741	15.381	15.381	15.931	16.601	17.851	15.181	18.311	17.501	14.901						14.613
	14.941	nan	13.991	nan	nan	14.841	14.191	16.591	15.141	nan	16.791	14.151	nan	15.181	nan	14.771	nan	nan	nan	14.591	14.801	16.591	17.591	13.211	16.301	17.041	16.691	14.271	14.041	15.731	15.331	15.421	15.901	16.611	17.821	15.211	18.331	17.471	14.901						14.573
	14.971	nan	13.911	nan	nan	14.791	14.271	16.511	15.141	nan	16.771	14.191	nan	15.241	nan	14.731	nan	nan	nan	14.501	14.821	16.631	17.591	13.171	16.251	17.021	16.661	14.171	14.041	15.691	15.281	15.441	15.861	16.631	17.791	15.231	18.351	17.451	14.881						14.518
	15.011	nan	13.831	nan	15.071	14.691	14.271	16.431	15.111	nan	16.741	14.211	nan	15.291	nan	14.701	nan	nan	nan	14.391	14.841	16.651	17.581	13.141	16.201	17.001	16.641	14.091	13.981	15.641	15.241	15.471	15.801	16.651	17.781	15.231	18.361	17.431	14.861						14.473
	15.061	nan	13.771	nan	15.011	nan	14.291	16.381	15.061	nan	16.701	14.221	nan	15.321	nan	14.721	nan	nan	nan	14.281	14.861	16.691	17.571	13.121	16.151	16.981	16.631	14.011	13.941	15.601	15.171	15.491	15.731	16.671	17.771	15.231	18.361	17.411	14.881						14.443
	15.111	nan	13.751	nan	15.001	nan	14.291	16.341	15.011	nan	16.671	14.241	nan	15.351	nan	14.691	nan	nan	nan	14.201	14.881	16.731	17.561	13.121	16.141	16.981	16.621	13.831	13.891	15.541	15.101	15.471	15.681	16.681	17.761	15.271	18.361	17.391	14.981						14.428
	15.141	nan	13.681	nan	15.011	nan	14.261	16.331	14.941	nan	16.631	14.251	nan	15.401	nan	14.671	nan	nan	nan	14.151	14.911	16.781	17.571	13.101	16.111	16.971	16.591	13.761	13.801	15.501	15.031	15.431	15.651	16.701	17.751	15.341	18.371	17.361	15.061						14.383
	15.171	nan	13.641	nan	14.991	nan	14.241	16.281	14.861	nan	16.601	14.281	nan	15.421	16.301	14.651	nan	nan	nan	14.151	14.931	16.831	17.541	13.071	16.121	16.971	16.561	13.711	13.701	15.471	14.971	15.411	15.621	16.711	17.741	15.391	18.371	17.331	15.131						14.338
	15.171	nan	13.621	nan	14.951	nan	14.231	16.281	14.771	nan	16.601	14.321	nan	15.431	16.331	14.611	nan	nan	nan	14.271	14.941	16.861	17.531	13.081	16.091	16.961	16.521	13.631	13.651	15.441	14.911	15.401	15.611	16.741	17.741	15.421	18.381	17.291	15.161						14.323
	15.171	nan	13.591	nan	14.911	nan	14.201	16.271	14.731	nan	16.581	14.321	nan	15.431	16.371	14.581	nan	nan	nan	14.341	14.951	16.891	17.521	13.161	16.091	16.961	16.501	13.591	13.621	15.411	14.801	15.391	15.601	16.761	17.751	15.451	18.371	17.241	15.211						14.303
	15.151	nan	13.591	nan	14.851	nan	14.241	16.231	14.681	nan	16.541	14.311	nan	15.411	16.401	14.581	nan	nan	nan	14.341	15.001	16.911	17.511	13.231	16.061	16.961	16.471	13.561	13.631	15.391	14.781	15.391	15.591	16.781	17.761	15.491	18.381	17.201	15.241						14.268
	15.111	nan	13.571	nan	14.751	14.541	14.301	16.191	14.631	nan	16.541	14.301	nan	15.391	16.461	14.581	nan	nan	nan	14.351	15.041	16.941	17.501	13.281	16.111	16.981	16.411	13.501	13.611	15.331	14.761	15.401	15.581	16.831	17.781	15.531	18.381	17.171	15.301						14.228
	15.071	nan	13.561	nan	14.681	14.581	14.301	16.141	14.531	nan	16.521	14.321	nan	15.371	16.471	14.571	nan	nan	nan	14.371	15.061	17.001	17.501	13.301	16.121	17.001	16.401	13.481	13.621	15.321	14.741	15.411	15.581	16.861	17.791	15.551	18.371	17.141	15.361						14.173
	15.051	nan	13.551	nan	14.621	14.601	14.321	16.101	14.411	nan	16.491	14.431	nan	15.371	16.471	14.561	nan	14.091	nan	14.411	15.081	17.031	17.481	13.301	16.151	17.001	16.291	13.501	13.741	15.321	14.721	15.421	15.581	16.881	17.791	15.621	18.361	17.121	15.411						14.128
	14.971	nan	13.591	nan	14.571	14.621	14.331	16.071	14.291	nan	16.481	14.501	nan	15.351	16.521	14.541	nan	14.081	nan	14.461	15.091	17.071	17.461	13.321	16.171	17.001	16.241	13.521	13.871	15.331	14.701	15.441	15.591	16.931	17.781	15.691	18.361	17.141	15.431						14.083
	15.011	nan	13.571	nan	14.481	14.641	14.331	16.031	nan	nan	16.461	14.571	nan	15.321	16.561	14.531	nan	14.071	nan	14.541	15.101	17.071	17.451	13.341	16.191	17.001	16.181	13.531	13.941	15.341	14.691	15.471	15.591	16.971	17.781	15.761	18.351	17.121	15.451						14.033
	14.951	nan	13.541	nan	14.371	14.651	14.341	16.021	nan	nan	16.461	14.681	13.771	15.281	16.571	14.491	nan	14.061	nan	14.601	15.111	17.091	17.441	13.351	16.201	16.991	16.101	13.521	13.911	15.341	14.681	15.511	15.611	17.001	17.791	15.781	18.341	17.101	15.521						13.988
	14.921	nan	13.481	nan	nan	14.671	14.311	16.011	nan	nan	16.481	14.731	13.801	15.241	16.591	14.451	nan	14.061	nan	14.591	15.121	17.131	17.421	13.361	16.211	16.981	16.031	13.511	13.861	15.341	14.661	15.541	15.631	17.021	17.791	15.791	18.341	17.081	15.611						13.943
	14.791	nan	13.461	nan	nan	14.691	nan	16.021	nan	nan	16.491	14.801	13.841	15.201	16.621	14.451	nan	14.011	nan	14.541	15.131	17.141	17.401	13.371	16.241	16.981	15.981	13.501	13.861	15.341	14.681	15.571	15.681	17.041	17.791	15.751	18.331	17.061	15.651						13.943
	14.661	nan	13.561	nan	nan	14.741	14.171	16.031	nan	nan	16.481	14.841	13.881	15.151	16.641	14.461	nan	13.951	nan	14.531	15.131	17.151	17.381	13.331	16.261	16.971	15.941	13.501	13.941	15.341	14.701	15.611	15.721	17.081	17.801	15.701	18.321	17.041	15.691						13.923
	14.641	nan	13.661	nan	nan	14.781	14.091	16.031	nan	nan	16.481	14.871	13.921	15.121	16.671	14.481	nan	13.851	nan	14.521	15.121	17.191	17.361	13.311	16.301	16.961	15.961	13.561	14.021	15.341	14.731	15.621	15.751	17.121	17.811	15.651	18.311	17.021	15.721						13.933
	14.611	nan	13.701	nan	nan	14.841	13.991	16.041	nan	nan	16.541	14.941	13.861	15.111	16.701	14.491	nan	13.821	nan	14.541	15.121	17.221	17.341	13.261	16.371	16.951	15.971	13.611	14.081	15.321	14.741	15.631	15.771	17.161	17.831	15.631	18.311	17.011	15.721						13.963
	14.621	nan	13.691	nan	nan	14.871	13.971	16.051	nan	nan	16.561	14.951	13.861	15.101	16.731	14.521	nan	13.731	nan	14.581	15.101	17.241	17.321	13.211	16.361	16.951	15.961	13.581	14.131	15.321	14.751	15.631	15.801	17.181	17.841	15.631	18.301	17.011	15.731						13.968
	14.701	nan	13.631	nan	nan	14.951	13.931	16.061	nan	nan	16.561	14.971	13.861	15.101	16.771	14.551	nan	13.621	nan	14.621	15.091	17.251	17.301	13.151	16.361	16.951	16.041	13.511	14.231	15.311	14.771	15.591	15.801	17.201	17.851	15.611	18.291	17.001	15.701						13.993
	14.751	nan	13.561	nan	nan	15.061	13.901	16.201	nan	14.221	16.541	15.001	13.861	15.071	16.801	14.581	nan	13.531	nan	14.671	15.091	17.271	17.301	13.111	16.371	16.951	16.091	13.481	14.301	15.281	14.791	15.551	15.801	17.231	17.861	15.591	18.301	16.971	15.671						14.013
	14.791	nan	13.501	nan	nan	15.161	13.901	16.191	nan	14.251	16.541	15.011	nan	15.041	16.861	14.661	nan	13.441	nan	14.701	15.091	17.281	17.291	13.041	16.351	16.951	16.131	13.541	14.331	15.211	14.811	15.531	15.811	17.281	17.871	15.561	18.301	16.971	15.641						14.023
	14.841	nan	13.401	nan	nan	15.251	13.801	16.181	nan	14.251	16.531	15.021	nan	15.071	16.891	14.721	14.101	13.341	nan	14.711	15.091	17.291	17.291	12.951	16.361	16.941	16.171	13.641	14.371	15.121	14.831	15.511	15.821	17.311	17.881	15.511	18.321	16.941	15.621						14.043
	14.871	nan	13.381	nan	nan	15.321	13.911	16.191	nan	14.241	16.511	15.021	nan	15.091	16.931	14.831	14.191	13.291	nan	14.681	15.081	17.311	17.291	12.881	16.381	16.941	16.211	13.741	14.401	15.031	14.851	15.511	15.831	17.331	17.891	15.521	18.341	16.911	15.621						14.053
	14.901	nan	13.391	nan	nan	15.361	14.021	16.201	nan	14.241	16.471	15.041	nan	15.111	16.971	14.941	14.241	13.271	nan	14.651	15.071	17.331	17.281	12.781	16.391	16.941	16.271	13.851	14.361	14.941	14.871	15.511	15.841	17.361	17.901	15.511	18.351	16.881	15.601						14.083
	14.861	nan	13.421	nan	nan	15.411	14.061	16.221	nan	14.311	16.431	15.041	nan	15.141	17.001	15.011	14.291	13.241	nan	14.631	15.061	17.341	17.281	12.781	16.401	16.951	16.321	13.911	14.301	14.931	14.901	15.511	15.851	17.381	17.911	15.511	18.341	16.861	15.581						14.118
	14.811	nan	13.511	nan	nan	15.451	14.111	16.231	nan	14.351	16.401	15.061	nan	15.181	17.041	15.061	14.351	13.221	nan	14.631	15.061	17.341	17.281	12.741	16.401	16.961	16.331	13.981	14.271	14.911	14.921	15.471	15.861	17.391	17.921	15.431	18.341	16.841	15.541						14.133
	14.811	nan	13.561	nan	nan	15.481	14.081	16.281	nan	14.411	16.381	15.061	nan	15.221	17.071	15.131	14.401	13.191	nan	14.631	15.061	17.331	17.281	12.771	16.391	16.981	16.361	14.041	14.251	14.901	14.961	15.441	15.881	17.391	17.931	15.361	18.341	16.811	15.521						14.133
	14.841	nan	13.461	nan	nan	15.551	14.061	16.291	nan	14.451	16.341	15.061	nan	15.251	17.131	15.201	14.421	nan	nan	14.651	15.051	17.321	17.281	12.801	16.381	17.001	16.411	14.051	14.221	14.961	15.021	15.401	15.891	17.391	17.941	15.321	18.331	16.791	15.481						14.108
	14.861	nan	13.371	nan	nan	15.561	14.081	16.311	nan	14.511	16.331	15.071	nan	15.281	17.171	15.251	14.421	nan	nan	14.701	15.051	17.311	17.281	12.821	16.411	17.021	16.451	14.041	14.211	15.001	15.121	15.371	15.901	17.391	17.961	15.271	18.331	16.771	15.401						14.093
	14.921	nan	13.321	nan	nan	15.581	14.071	16.311	nan	14.541	16.321	15.121	nan	15.331	17.201	15.301	14.421	nan	nan	14.751	15.041	17.301	17.281	12.891	16.451	17.041	16.481	14.101	14.181	15.031	15.221	15.351	15.911	17.401	17.971	15.231	18.331	16.731	15.331						14.108
	14.961	nan	nan	nan	nan	15.631	14.091	16.311	nan	14.541	16.341	15.161	nan	15.311	17.271	15.331	14.421	13.211	nan	14.821	15.021	17.281	17.281	13.041	16.451	17.051	16.511	14.171	14.201	15.041	15.321	15.331	15.931	17.401	17.991	15.221	18.321	16.701	15.281						14.163
	15.031	nan	nan	nan	nan	15.671	14.101	16.331	nan	14.581	16.371	15.211	nan	15.291	17.301	15.381	14.401	13.221	nan	14.891	14.981	17.251	17.281	13.181	16.471	17.061	16.541	14.241	14.271	15.061	15.411	15.321	15.961	17.391	17.991	15.251	18.321	16.701	15.241						14.203
	15.041	nan	nan	nan	nan	15.691	14.081	16.341	nan	14.591	16.401	15.271	nan	15.261	17.351	15.401	14.391	13.271	nan	14.961	14.941	17.231	17.291	13.231	16.491	17.081	16.561	14.291	14.311	15.111	15.451	15.311	16.001	17.381	17.991	15.291	18.341	16.681	15.201						14.253
	15.051	nan	nan	nan	nan	15.721	14.071	16.341	nan	14.551	16.401	15.321	nan	15.261	17.381	15.471	14.441	13.351	nan	15.021	14.901	17.231	17.271	13.271	16.501	17.111	16.571	14.381	14.311	15.101	15.501	15.291	16.041	17.371	17.991	15.351	18.341	16.661	15.121						14.303
	15.081	nan	nan	nan	nan	15.751	14.031	16.351	nan	14.541	16.421	15.381	nan	15.251	17.411	15.501	14.501	13.411	nan	15.061	14.881	17.231	17.271	13.311	16.531	17.131	16.601	14.481	14.271	15.081	15.561	15.271	16.081	17.361	17.991	15.421	18.361	16.701	15.041						14.393
	15.151	nan	nan	nan	nan	15.781	14.051	16.371	nan	14.541	16.431	15.431	nan	15.241	17.431	15.521	14.541	13.451	nan	15.101	14.861	17.201	17.271	13.431	16.551	17.161	16.661	14.531	14.231	15.091	15.601	15.251	16.121	17.351	17.991	15.461	18.371	16.751	15.001						14.473
	15.231	nan	nan	nan	nan	15.821	14.101	16.361	nan	14.541	16.441	15.471	nan	15.241	17.451	15.581	14.541	13.491	nan	15.171	14.841	17.181	17.251	13.371	16.561	17.211	16.701	14.551	14.191	15.121	15.651	15.211	16.151	17.351	18.001	15.461	18.381	16.791	14.941						14.543
	15.271	nan	nan	nan	nan	15.901	14.151	16.381	nan	14.541	16.471	15.511	nan	15.221	17.491	15.631	14.541	13.541	nan	15.271	14.831	17.171	17.241	13.241	16.571	17.241	16.731	14.581	14.161	15.131	15.691	15.221	16.171	17.341	17.991	15.431	18.391	16.821	14.921						14.578
	15.301	nan	12.631	nan	nan	15.921	14.251	16.391	nan	14.541	16.511	15.541	nan	15.201	17.501	15.701	14.561	13.601	nan	15.321	14.771	17.161	17.231	13.181	16.581	17.281	16.751	14.621	14.171	15.131	15.711	15.231	16.191	17.321	17.981	15.391	18.421	16.831	14.921						14.613
	15.331	nan	12.641	nan	nan	15.981	14.351	16.381	nan	14.561	16.541	15.581	nan	15.191	17.531	15.711	14.591	13.671	nan	15.381	14.721	17.141	17.221	13.141	16.561	17.301	16.771	14.641	14.251	15.171	15.731	15.251	16.191	17.321	18.021	15.361	18.431	16.831	14.931						14.648
	15.421	nan	12.701	nan	nan	16.001	14.461	16.371	nan	14.601	16.571	15.591	nan	15.181	17.571	15.761	14.551	13.761	nan	15.461	14.701	17.131	17.211	13.071	16.611	17.321	16.801	14.661	14.281	15.211	15.751	12.571	16.201	17.321	17.991	15.361	18.441	16.801	14.981						14.678
	15.501	nan	12.771	nan	nan	16.021	14.551	16.361	nan	14.691	16.611	15.591	nan	15.181	17.601	15.821	14.521	13.841	nan	15.531	14.661	17.121	17.181	13.031	16.611	17.351	16.841	14.711	14.261	15.271	15.761	15.321	16.201	17.311	17.951	15.331	18.461	16.791	14.991						14.708
	15.581	nan	12.911	nan	nan	16.051	14.591	16.351	nan	14.721	16.711	15.601	nan	15.201	17.631	15.871	14.491	13.941	nan	15.581	14.641	17.111	17.131	12.981	16.671	17.361	16.871	14.751	14.261	15.341	15.771	15.381	16.201	17.301	17.931	15.281	18.471	16.801	15.001						14.733
	15.651	nan	13.021	nan	nan	16.091	14.621	16.331	nan	14.781	16.731	15.601	nan	15.241	17.671	15.921	14.481	14.051	nan	15.651	14.631	17.071	17.101	13.141	16.681	17.371	16.911	14.801	14.301	15.401	15.781	15.411	16.201	17.281	17.931	15.211	18.491	16.801	14.981						14.778
	15.731	nan	13.061	nan	nan	16.121	14.641	16.291	nan	14.821	16.771	15.611	nan	15.271	17.721	15.951	14.491	14.181	nan	15.701	14.681	17.061	17.081	13.311	16.731	17.401	16.971	14.821	14.361	15.451	15.781	15.451	16.201	17.271	17.931	15.141	18.501	16.781	14.971						14.813
	15.791	nan	13.141	nan	nan	16.161	14.651	16.261	nan	14.821	16.791	15.611	nan	15.301	17.771	15.991	14.501	14.251	nan	15.731	14.741	17.031	17.091	13.551	16.751	17.431	17.011	14.881	14.421	15.501	15.801	15.481	16.161	17.251	17.921	15.051	18.511	16.781	14.941						14.853
	15.831	nan	13.261	nan	nan	16.181	14.651	16.221	nan	14.821	16.811	15.601	nan	15.311	17.791	16.051	14.521	14.301	nan	15.751	14.821	17.001	17.041	13.851	16.791	17.451	17.051	14.931	14.551	15.531	15.821	15.521	16.111	17.231	17.911	14.961	18.521	16.751	14.931						14.893
	15.911	nan	nan	nan	nan	16.211	14.641	16.181	nan	14.821	16.831	15.641	nan	15.331	17.821	16.101	14.541	14.331	nan	15.771	14.881	16.991	17.021	14.151	16.811	17.491	17.101	14.941	14.651	15.581	15.831	15.581	16.081	17.221	17.901	14.861	18.521	16.741	14.891						
	16.001	nan	13.621	nan	15.151	16.131	14.641	16.131	nan	14.821	nan	15.641	nan	15.341	17.841	16.151	14.591	14.381	nan	15.781	14.941	16.971	17.001	14.451	16.831	17.521	17.141	14.981	14.701	15.661	15.851	15.651	16.031	17.221	17.901	14.771	18.541	16.741	14.841						
	16.061	nan	13.791	nan	15.221	16.131	14.641	16.061	14.701	14.831	nan	15.661	nan	15.371	17.871	16.181	14.621	14.481	nan	15.791	14.971	16.961	16.981	14.551	16.821	17.541	17.171	15.001	14.741	15.681	15.881	15.721	16.001	17.211	17.891	14.701	18.561	16.711	14.791						
	16.151	nan	13.891	nan	15.271	16.131	14.661	16.011	14.751	14.841	16.911	15.681	nan	15.371	17.891	16.221	14.651	14.551	nan	15.781	15.031	16.951	16.961	14.651	16.811	17.571	17.201	15.011	14.711	15.711	15.901	15.751	15.981	17.211	17.891	14.651	18.611	16.721	14.741						
	16.281	nan	13.961	nan	15.291	16.131	14.711	15.971	14.781	14.841	16.931	15.701	nan	15.381	17.901	16.311	14.691	14.601	nan	15.771	15.101	16.931	16.941	14.681	16.801	17.611	17.211	15.011	14.671	15.731	15.911	15.771	15.961	17.201	17.891	14.641	18.631	16.741	14.721						
	16.361	nan	14.041	nan	15.311	16.141	14.761	15.951	14.821	14.841	16.941	15.771	nan	15.401	17.901	16.341	14.691	14.651	nan	15.771	15.181	16.921	16.941	14.651	16.791	17.641	17.221	15.021	14.621	15.751	15.931	15.811	15.941	17.191	17.881	14.761	18.661	16.751	14.721						
	16.411	nan	14.141	nan	15.311	16.151	14.951	15.921	14.881	14.851	17.021	15.811	nan	15.421	17.911	16.371	14.721	14.671	nan	15.771	15.241	16.901	16.941	14.641	16.801	17.681	17.251	15.021	14.531	15.791	15.951	15.841	15.921	17.181	17.881	14.761	18.681	16.781	14.711						
	16.461	nan	14.241	nan	15.321	16.141	15.001	15.901	14.941	14.891	17.061	15.841	nan	15.441	17.921	16.401	14.781	14.711	nan	15.771	15.271	16.891	16.941	14.591	16.821	17.711	17.291	15.011	14.481	15.841	15.991	15.881	15.891	17.171	17.871	14.721	18.681	16.821	14.741						
	16.541	nan	14.341	nan	15.341	16.131	15.081	15.871	14.981	14.901	17.091	15.881	nan	15.481	17.941	16.441	14.851	14.751	nan	15.761	15.311	16.881	16.941	14.571	16.821	17.741	17.311	15.021	14.461	15.901	15.971	15.921	15.861	17.161	17.871	14.681	18.681	16.841	14.791						
	16.611	nan	14.421	nan	15.341	16.111	15.151	15.841	14.991	14.901	17.091	15.911	nan	15.541	17.941	16.471	14.891	14.821	nan	15.771	15.351	16.871	16.951	14.521	16.811	17.771	17.321	15.051	14.461	15.961	16.051	15.951	15.821	17.141	17.861	14.591	18.681	16.841	14.831						
	16.661	nan	14.511	nan	15.341	16.101	15.231	15.841	15.001	14.901	17.101	15.971	nan	15.591	17.951	16.511	14.941	14.881	nan	15.801	15.371	16.831	16.961	14.391	16.821	17.801	17.341	15.081	14.441	16.001	16.091	15.961	15.811	17.141	17.851	14.521	18.691	16.851	14.881						
	16.721	nan	14.591	nan	15.341	16.101	15.321	15.851	15.071	14.901	17.151	16.001	nan	15.651	17.951	16.531	15.001	14.901	nan	15.781	15.381	16.791	16.971	14.431	16.861	17.831	17.361	15.091	14.441	16.061	16.131	15.981	15.801	17.161	17.861	14.481	18.701	16.871	14.941						
	16.801	nan	14.691	nan	15.361	16.091	15.391	15.871	15.111	14.901	17.181	16.011	nan	15.721	17.931	16.571	15.061	14.941	nan	15.771	15.381	16.771	16.981	14.431	16.931	17.851	17.381	15.101	14.441	16.121	16.151	16.011	15.791	17.181	17.871	14.551	18.711	16.931	14.951						
	16.891	nan	14.791	nan	15.361	16.101	15.471	15.881	15.131	14.901	17.191	16.051	nan	15.761	17.921	16.611	15.061	14.961	nan	15.711	15.401	16.791	16.991	14.461	16.911	17.881	17.401	15.111	14.431	16.151	16.181	16.041	15.781	17.201	17.881	14.661	18.711	16.951	14.971						
	16.921	nan	14.881	nan	15.391	16.091	15.541	15.901	15.171	14.901	17.221	16.101	nan	15.811	17.891	16.651	15.171	15.031	nan	15.691	15.451	16.811	17.011	14.491	16.901	17.901	17.411	15.111	14.431	16.171	16.221	16.051	15.761	17.211	17.901	14.781	18.711	17.011	15.001						
	16.951	nan	15.001	nan	15.451	16.091	15.571	15.921	15.211	14.931	17.251	16.131	nan	15.841	17.911	16.681	15.291	15.101	nan	15.671	15.511	16.831	17.021	14.501	16.901	17.911	17.421	15.121	14.421	16.221	16.251	16.061	15.771	17.221	17.911	14.901	18.711	17.021	15.041						
	17.001	nan	15.061	nan	15.491	16.071	nan	15.951	15.301	14.971	17.271	16.161	nan	15.861	17.911	16.721	15.381	15.151	nan	15.691	15.591	16.851	17.031	14.531	16.901	17.931	17.421	15.131	14.421	16.271	16.271	16.071	15.871	17.241	17.911	14.991	18.721	17.031	15.131						
	17.091	nan	15.151	nan	15.501	16.081	15.651	15.981	15.341	14.991	17.281	16.181	nan	15.901	17.911	16.761	15.451	15.191	nan	15.711	15.671	16.871	17.031	14.551	16.891	17.951	17.431	15.181	14.411	16.311	16.291	16.091	15.941	17.261	17.911	15.041	18.721	17.071	15.211						
	17.191	nan	15.181	nan	15.521	16.101	nan	16.021	15.401	15.051	17.291	16.181	nan	15.991	17.921	16.791	15.511	15.221	nan	15.721	15.771	16.881	17.031	14.561	16.921	17.961	17.431	15.241	14.421	16.341	16.321	16.111	16.001	17.291	17.931	15.071	18.721	17.191	15.251						
	17.241	nan	15.221	nan	15.531	16.141	nan	16.051	15.431	15.061	17.311	16.191	nan	16.051	17.931	16.821	15.581	15.231	nan	15.721	15.831	16.921	17.041	14.591	16.941	17.971	17.411	15.291	14.461	16.381	16.351	16.141	16.051	17.341	17.951	15.091	18.711	17.271	15.301						
	17.271	nan	15.221	nan	15.581	16.231	15.771	nan	15.431	15.061	17.321	16.191	nan	16.091	17.941	16.861	15.661	15.251	nan	15.731	15.871	16.941	17.041	14.591	16.961	18.011	17.411	15.351	14.501	16.431	16.381	16.181	16.091	17.381	17.971	15.101	18.691	17.311	15.331						
	17.311	nan	15.241	nan	15.631	16.271	15.781	nan	15.451	15.061	17.351	16.181	nan	16.131	17.971	16.881	15.731	15.281	nan	15.741	15.901	16.971	17.051	14.631	16.961	18.021	17.401	15.411	14.561	16.451	16.421	16.231	16.111	17.401	17.981	15.121	18.681	17.341	15.361						
	17.361	nan	15.241	nan	15.651	16.291	nan	16.131	15.521	15.101	17.361	16.181	nan	16.181	17.941	16.911	15.781	15.281	nan	15.751	15.921	17.001	17.081	14.731	16.941	18.031	17.401	15.471	14.621	16.471	16.451	16.261	16.121	17.431	17.981	15.171	18.681	17.391	15.421						
	17.421	nan	15.271	nan	15.701	16.341	15.851	16.161	15.581	15.151	17.381	16.171	nan	16.241	17.941	16.921	15.811	15.281	nan	15.751	15.971	17.031	17.111	14.771	16.951	18.041	17.391	15.531	14.641	16.511	16.491	16.281	16.161	17.461	18.001	15.191	18.681	17.411	15.481						
	17.491	nan	15.281	nan	15.761	16.361	15.871	16.181	15.661	15.211	17.391	16.151	nan	16.291	17.921	16.941	15.861	15.281	nan	15.741	16.021	17.051	17.141	14.791	16.941	18.051	17.371	15.571	14.671	16.551	16.531	16.341	16.181	17.501	18.021	15.211	18.681	17.451	15.531						
	17.541	nan	15.281	nan	15.811	16.381	15.911	16.201	15.731	15.241	17.411	16.161	nan	16.341	17.921	16.961	15.891	15.251	nan	15.731	16.071	17.071	17.161	14.851	16.951	18.071	17.361	15.601	14.731	16.611	16.561	16.391	16.231	17.531	18.051	15.221	18.661	17.501	15.551						
	17.581	nan	15.281	nan	15.851	16.441	15.931	16.221	15.811	15.281	17.421	16.161	nan	16.371	17.921	16.991	15.941	15.221	nan	15.731	16.091	17.091	17.181	14.871	16.971	18.101	17.341	15.621	14.831	16.681	16.601	16.391	16.271	17.561	18.071	15.221	18.651	17.531	15.591						
	17.621	nan	15.291	nan	15.911	16.481	15.951	16.241	15.881	15.281	17.431	16.171	nan	16.401	17.921	17.021	15.971	15.151	nan	15.741	16.101	17.101	17.221	14.901	16.991	18.131	17.331	15.641	14.961	16.711	16.641	16.491	16.311	17.611	18.091	15.221	18.641	17.551	15.621						
	17.661	nan	15.331	nan	15.951	16.531	15.961	16.311	15.931	15.301	17.441	16.181	nan	16.431	17.941	17.061	16.021	15.071	nan	15.741	16.121	17.131	17.231	14.961	17.031	18.151	17.311	15.651	15.071	16.751	16.681	16.561	16.351	17.651	18.111	15.211	18.621	17.591	15.641						
	17.701	nan	15.361	nan	15.991	16.621	15.971	16.361	16.021	15.311	17.461	16.211	nan	16.491	17.971	17.071	16.041	15.021	nan	15.751	16.161	17.151	17.251	14.971	17.031	18.161	17.311	15.681	15.171	16.791	16.721	16.631	16.401	17.681	18.131	15.231	18.611	17.631	15.681						
	17.721	nan	15.441	nan	16.041	16.651	15.971	16.391	16.081	15.351	17.491	16.261	nan	16.541	17.981	17.091	16.081	14.941	nan	15.771	16.211	17.171	17.261	14.921	17.101	18.181	17.301	15.731	15.241	16.841	16.771	16.671	16.481	17.731	18.141	15.251	18.601	17.641	15.711						
17.961	nan	17.961	15.471	nan	16.081	16.691	15.961	16.401	16.111	15.411	17.531	16.301	nan	16.591	17.991	17.081	16.121	14.861	nan	15.791	16.261	17.191	17.271	14.821	17.101	18.201	17.301	15.771	15.301	16.891	16.801	16.721	16.551	17.771	18.151	15.291	18.591	17.641	15.721						
17.991	nan	17.991	15.511	nan	16.151	16.741	nan	16.421	16.151	15.431	17.561	16.341	nan	16.621	18.001	17.111	16.171	14.801	nan	15.811	16.301	17.211	17.281	14.791	17.111	18.221	17.311	15.791	15.421	16.931	16.821	16.781	16.591	17.811	18.161	15.311	18.571	17.641	15.751						
18.021	nan	18.021	15.541	nan	16.191	16.771	15.961	16.451	16.191	15.481	17.591	16.341	nan	16.671	18.011	17.131	16.201	14.771	nan	15.831	16.331	17.241	17.301	14.641	17.141	18.261	17.321	15.801	15.521	16.971	16.851	16.831	16.631	17.851	18.181	15.341	18.561	17.641	15.801						
18.051	nan	18.051	15.591	nan	16.201	16.801	15.951	16.491	16.251	15.501	17.611	16.361	16.261	16.711	18.021	17.181	16.231	14.791	nan	15.851	16.371	17.261	17.311	14.561	17.151	18.301	17.331	15.851	15.601	16.981	16.931	16.851	16.671	17.891	18.211	15.421	18.561	17.651	15.831						
18.071	nan	18.071	15.651	nan	16.211	16.811	15.971	16.521	16.331	15.531	17.611	16.381	16.301	16.781	18.021	17.201	16.271	14.821	nan	15.871	16.411	17.271	17.321	14.501	17.191	18.311	17.331	15.891	15.671	17.001	16.931	16.901	16.711	17.931	18.231	15.491	18.541	17.641	15.851						
18.091	nan	18.091	15.691	nan	16.241	16.831	16.001	16.551	16.361	15.571	17.661	16.401	16.331	16.831	18.021	17.231	16.311	14.841	nan	15.891	16.441	17.301	17.321	14.371	17.191	18.321	17.331	15.911	15.761	17.031	16.991	16.941	16.741	17.961	18.241	15.571	18.541	17.631	15.851						
18.131	nan	18.131	15.731	nan	16.251	16.891	16.031	16.571	16.401	15.611	17.691	16.431	16.381	16.891	18.041	17.271	16.351	14.851	nan	15.911	16.461	17.341	17.331	14.221	17.221	18.341	17.341	15.951	15.851	17.061	17.051	16.981	16.771	17.991	18.271	15.661	18.541	17.641	15.861					15.658	
18.171	nan	18.171	15.781	nan	16.261	16.941	16.071	16.591	16.441	15.641	17.711	16.451	16.421	16.931	18.041	17.301	16.401	14.881	nan	15.931	16.481	17.351	17.341	14.121	17.231	18.361	17.351	15.991	15.931	17.091	17.091	17.011	16.801	18.031	18.281	15.771	18.541	17.681	15.861					15.643	
18.201	nan	18.201	15.831	nan	16.261	16.971	16.081	16.621	16.461	15.661	17.731	16.471	16.461	16.991	18.041	17.311	16.451	14.921	nan	15.951	16.521	17.371	17.351	14.041	17.241	18.371	17.371	16.011	15.991	17.111	17.121	17.061	16.811	18.081	18.291	15.871	18.541	17.681	15.841					15.643	
18.141	nan	18.141	15.881	nan	16.291	16.971	16.091	16.641	16.481	15.671	17.761	16.491	16.491	17.031	18.041	17.331	16.491	14.931	nan	15.971	16.551	17.391	17.361	14.001	17.231	18.361	17.391	16.031	16.041	17.151	17.161	17.101	16.821	18.121	18.301	15.931	18.541	17.661	15.831					15.643	
	nan	nan	15.931	nan	16.331	17.051	16.101	16.671	16.491	15.671	17.781	16.501	16.521	17.081	18.051	17.341	16.521	14.941	nan	15.991	16.591	17.411	17.371	14.021	17.251	18.361	17.411	16.041	16.081	17.181	17.211	17.141	16.841	18.141	18.311	15.981	18.541	17.681	15.791					15.648	
	nan	nan	15.971	nan	16.341	17.111	16.111	16.721	16.501	15.661	17.801	16.501	16.541	17.101	18.051	17.371	16.571	14.931	nan	16.001	16.621	17.431	17.381	14.021	17.261	18.351	17.421	16.061	16.121	17.211	17.241	17.191	16.871	18.191	18.321	16.041	18.561	17.731	15.741					15.663	
	nan	nan	16.001	nan	16.371	17.151	16.121	16.741	16.511	15.661	17.821	16.501	16.571	17.181	18.061	17.391	16.601	14.931	nan	16.011	16.631	17.451	17.381	14.131	17.271	18.381	17.431	16.081	16.171	17.241	17.261	17.221	16.901	18.231	18.341	16.101	18.591	17.731	15.701					15.663	
	nan	nan	16.051	nan	16.401	17.171	16.131	16.781	16.511	15.641	17.841	16.501	16.611	17.231	18.071	17.401	16.641	15.001	nan	16.031	16.651	17.471	17.381	14.281	17.281	18.391	17.441	16.101	16.221	17.261	17.291	17.271	16.941	18.241	18.351	16.141	18.591	17.731	15.681					15.668	
	nan	nan	16.081	nan	16.431	17.221	16.181	16.811	16.501	15.631	17.871	16.491	16.641	17.261	18.081	17.411	16.701	15.101	nan	16.061	16.671	17.481	17.381	14.491	17.291	18.401	17.441	16.121	16.241	17.281	17.321	17.311	16.981	18.281	18.361	16.181	18.611	17.751	15.691					15.683	
	nan	nan	16.111	nan	16.461	17.271	nan	16.841	16.481	15.621	17.901	16.501	16.671	17.291	18.081	17.421	16.721	15.231	nan	16.101	16.691	17.491	17.391	14.661	17.291	18.401	17.441	16.151	16.251	17.301	17.351	17.351	17.021	18.301	18.371	16.221	18.621	17.761	15.721					15.688	
	nan	nan	16.151	nan	16.461	17.331	16.271	16.871	16.491	15.601	17.941	16.511	16.691	17.311	18.101	17.431	16.751	15.251	nan	16.111	16.701	17.501	17.391	14.921	17.291	18.391	17.431	16.191	16.261	17.321	17.391	17.411	17.061	18.341	18.381	16.241	18.641	17.771	15.721					15.713	
	nan	nan	16.151	nan	16.481	17.401	16.291	16.921	16.481	15.581	17.981	16.541	16.701	17.331	18.121	17.431	16.781	15.301	nan	16.121	16.731	17.521	17.401	15.061	17.351	18.391	17.431	16.221	16.271	17.361	17.421	17.461	17.091	18.361	18.391	16.271	18.671	17.791	15.751					15.743	
	nan	nan	16.151	nan	16.481	17.451	16.261	16.941	16.451	15.591	18.031	16.541	16.711	17.361	18.131	17.431	16.801	15.341	nan	16.131	16.771	17.521	17.401	15.211	17.341	18.391	17.441	16.251	16.261	17.381	17.461	17.511	17.131	18.371	18.391	16.301	18.721	17.831	15.811					15.748	
	nan	nan	16.151	nan	16.541	17.511	16.241	16.951	16.421	15.581	18.101	16.551	16.721	17.381	18.131	17.431	16.831	15.381	nan	16.151	16.801	17.521	17.401	15.331	17.361	18.391	17.451	16.281	16.251	17.411	17.481	17.561	17.151	18.391	18.401	16.291	18.731	17.881	15.851					15.768	
	nan	nan	16.151	nan	16.541	17.571	16.221	16.971	16.391	15.551	18.131	16.551	16.731	17.381	18.131	17.431	16.841	15.431	nan	16.171	16.821	17.521	17.401	15.451	17.381	18.381	17.461	16.291	16.251	17.431	17.511	17.601	17.191	18.411	18.401	16.281	18.761	17.931	15.861					15.788	
	nan	nan	16.151	nan	16.551	17.671	16.231	16.991	16.331	15.541	18.171	16.561	16.771	17.381	18.131	17.431	16.851	15.461	nan	16.201	16.841	17.531	17.411	15.591	17.401	18.371	17.451	16.301	16.251	17.451	17.521	17.671	17.231	18.421	18.401	16.271	18.801	17.971	15.871					15.818	
	nan	nan	16.151	nan	16.591	17.711	16.291	17.011	16.321	15.511	18.211	16.561	16.801	17.371	18.131	17.411	16.861	15.481	nan	16.221	16.861	17.541	17.411	15.661	17.411	18.371	17.441	16.321	16.241	17.471	17.541	17.761	17.271		18.401	16.251	18.831	18.021	15.881					15.853	
	nan	nan	16.141	nan	16.591	17.741	16.281	17.071	16.291	15.481	18.241	16.571	16.811	17.401	18.141	17.401	16.861	15.501	nan	16.231	16.881	17.541	17.411	15.731	17.421	18.381	17.421	16.351	16.221	17.491	17.591	17.811	17.311		18.411	16.231	18.891	18.061	15.881					15.898	
	nan	nan	16.101	nan	16.601	17.771	16.281	17.111	16.241	15.431	18.281	16.571	16.811	17.401	18.141	17.381	16.871	15.521	nan	16.261	16.901	17.561	17.411	15.741	17.421	18.381	17.411	16.381	16.201	17.511	17.621	17.871	17.321		18.431	16.221	18.911	18.081	15.881					15.953	
	nan	nan	16.081	nan	16.621	17.791	16.211	17.121	16.191	15.391	18.281	16.581	16.821	17.401	18.161	17.371	16.871	15.511	nan	16.291	16.931	17.551	17.401	15.811	17.441	18.391	17.401	16.411	16.161	17.521	17.671	17.961	17.331		18.451	16.191	18.951	18.111	15.881					15.988	
	nan	nan	16.051	nan	16.641	17.821	16.231	17.131	16.161	15.331	18.291	16.591	16.801	17.381	18.171	17.341	16.871	15.511	nan	16.331	16.941	17.541	17.391	15.731	17.441	18.381	17.381	16.431	16.091	17.531	17.711	18.021	17.341		18.471	16.151	18.981	18.131	15.861					16.013	
	nan	nan	15.981	nan	16.611	17.841	16.241	17.141	16.111	15.291	18.331	16.621	16.801	17.381	18.181	17.331	16.891	15.531	nan	16.371	16.951	17.541	17.381	15.761	17.451	18.371	17.361	16.451	16.021	17.531	17.711	18.071	17.351		18.481	16.121	19.011	18.171	15.841					16.048	
	nan	nan	15.931	nan	16.601	17.861	16.251	17.141	16.071	15.251	18.361	16.641	16.781	17.361	18.191	17.331	16.891	15.541	nan	16.411	16.981	17.541	17.361	15.771	17.461	18.361	17.341	16.471	15.961	17.541	17.721	18.121	17.371		18.501	16.061	19.031	18.221	15.811					16.073	
	nan	nan	15.861	nan	16.591	17.871	16.241	17.141	16.041	15.171	18.381	16.641	16.751	17.361	18.201	17.331	16.891	15.581	nan	16.451	17.021	17.531	17.341	15.741	17.451	18.341	17.321	16.491	15.911	17.551	17.721	18.161	17.381		18.521	16.001	19.051	18.291	15.781					16.103	
	18.291	nan	15.831	nan	16.571	17.911	16.221	17.151	16.001	15.121	18.401	16.621	16.731	17.351	18.201	17.331	16.881	15.591	nan	16.501	17.041	17.531	17.321	15.731	17.461	18.341	17.301	16.491	15.831	17.561	17.731	18.231	17.391	18.331	18.561	15.941	19.071	18.371	15.761					16.113	
	18.281	nan	15.701	17.191	16.531	17.921	16.221	17.171	15.961	15.091	18.431	16.611	16.711	17.341	18.211	17.301	16.871	15.641	nan	16.551	17.051	17.521	17.311	15.721	17.451	18.331	17.291	16.501	15.761	17.571	17.731	18.291	17.411	18.291	18.591	15.891	19.081	18.421	15.761					16.148	
	18.251	nan	15.631	17.181	16.481	17.931	16.231	17.181	15.921	15.091	18.421	16.611	16.691	17.321	18.221	17.271	16.861	15.671	nan	16.581	17.061	17.501	17.311	15.701	17.461	18.331	17.251	16.521	15.711	17.581	17.721	18.331	17.421	18.251	18.601	15.831	19.111	18.451	15.741					16.163	
	18.211	nan	15.561	17.171	16.441	17.931	16.211	17.181	15.881	15.091	18.401	16.641	16.671	17.351	18.231	17.231	16.861	15.691	nan	16.601	17.071	17.481	17.291	15.691	17.461	18.311	17.191	16.531	15.681	17.591	17.721	18.401	17.421	18.221	18.621	15.761	19.131	18.481	15.731					16.168	
	18.221	nan	15.491	17.161	16.431	17.931	16.191	17.181	15.791	15.091	18.371	16.651	16.641	17.331	18.251	17.221	16.861	15.721	nan	16.631	17.081	17.451	17.251	15.611	17.461	18.291	17.181	16.541	15.551	17.601	17.701	18.471	17.441	18.201	18.641	15.651	19.141	18.511	15.721					16.173	
	18.211	nan	15.421	17.141	16.411	17.921	16.181	17.161	15.721	15.081	18.341	16.651	16.621	17.331	18.271	17.211	16.861	15.761	nan	16.651	17.091	17.411	17.211	15.531	17.471	18.281	17.161	16.541	15.421	17.621	17.691	18.531	17.451	18.161	18.651	15.541	19.141	18.551	15.681					16.168	
	18.201	nan	15.321	17.111	16.371	17.911	16.171	17.201	15.651	15.041	18.311	16.651	16.581	17.331	18.291	17.201	16.881	15.781	nan	16.781	17.091	17.381	17.191	15.491	17.491	18.271	17.151	16.531	15.341	17.631	17.681	18.601	17.451	18.111	18.681	15.421	19.141	18.571	15.621					16.173	
	18.221	nan	15.201	17.091	16.291	17.901	16.161	17.201	15.561	15.021	18.271	16.661	16.531	17.331	18.301	17.191	16.891	15.781	nan	16.781	17.111	17.361	17.171	15.441	17.491	18.251	17.141	16.521	15.251	17.641	17.661	18.631	17.451	18.071	18.681	15.311	19.141	18.621	15.551					16.158	
	18.211	nan	15.121	17.031	16.271	17.891	16.151	17.211	15.461	15.031	18.211	16.701	16.511	17.331	18.321	17.181	16.901	15.781	nan	16.771	17.121	17.341	17.161	15.451	17.501	18.221	17.131	16.511	15.201	17.641	17.641	18.571	17.441	18.031	18.691	15.181	19.141	18.641	15.491					16.143	
	18.201	nan	nan	16.991	16.261	17.861	16.131	17.201	15.361	15.041	18.191	16.711	16.511	17.331	18.331	17.151	16.911	15.771	nan	16.771	17.131	17.311	17.141	15.401	17.511	18.211	17.131	16.501	15.151	17.651	17.621	18.501	17.441	17.991	18.711	15.081	19.151	18.661	15.411					16.143	
	18.181	nan	nan	16.961	16.251	17.851	16.111	17.201	15.261	15.041	18.141	16.711	16.461	17.331	18.351	17.141	16.921	15.771	nan	16.761	17.131	17.291	17.121	15.321	17.521	18.191	17.071	16.501	15.071	17.651	17.601	18.441	17.441	17.951	18.721	14.991	19.161	18.681	15.311					16.138	
	18.161	nan	14.971	16.911	16.251	17.831	nan	17.211	15.171	15.071	18.121	16.711	16.301	17.331	18.361	17.121	16.931	15.761	nan	16.771	17.121	17.271	17.101	15.261	17.521	18.181	17.011	16.501	14.981	17.661	17.581	18.381	17.451	17.901	18.731	14.861	19.171	18.711	15.211					16.123	
	18.101	nan	14.921	16.851	16.241	17.791	nan	17.211	15.131	15.091	18.081	16.711	16.251	17.331	18.381	17.121	16.931	15.751	nan	16.801	17.121	17.241	17.071	15.151	17.531	18.191	16.971	16.491	14.881	17.671	17.561	18.321	17.501	17.851	18.751	14.721	19.161	18.751	15.171					16.123	
	18.051	nan	14.831	16.861	16.241	17.761	nan	17.201	15.131	15.151	18.031	16.711	16.181	17.321	18.381	17.101	16.921	15.711	nan	16.821	17.131	17.231	17.041	14.991	17.541	18.191	16.901	16.481	14.831	17.681	17.531	18.271	17.511	17.821	18.761	14.591	19.181	18.791	15.131					16.123	
	18.001	nan	14.741	16.721	16.241	17.721	nan	17.181	15.121	15.191	17.971	16.701	16.131	17.321	18.381	17.101	16.921	15.661	nan	16.831	17.131	17.231	17.021	14.841	17.531	18.171	16.861	16.471	14.761	17.691	17.511	18.231	17.521	17.791	18.761	14.491	19.181	18.811	15.081					16.108	
	17.951	nan	14.631	16.591	16.241	17.651	nan	17.171	15.071	15.221	17.931	16.681	16.061	17.321	18.381	17.081	16.931	15.631	nan	16.851	17.131	17.211	17.001	14.661	17.531	18.141	16.801	16.461	14.781	17.691	17.471	18.151	17.521	17.761	18.761	14.381	19.191	18.821	15.041					16.088	
	17.911	nan	14.551	16.621	16.241	17.581	nan	17.141	15.031	15.231	17.891	16.651	15.951	17.321	18.361	17.061	16.931	15.611	nan	16.871	17.131	17.151	16.981	14.471	17.541	18.131	16.731	16.451	14.861	17.681	17.441	18.121	17.521	17.731	18.761	14.261	19.201	18.851	15.001					16.058	
	17.841	nan	14.551	16.611	16.231	17.531	nan	17.111	14.961	15.221	17.831	16.631	15.851	17.311	18.361	17.021	16.911	15.531	nan	16.891	17.131	17.091	16.961	14.301	17.531	18.131	16.691	16.441	14.951	17.681	17.421	18.061	17.511	17.711	18.741	14.121	19.191	18.861	14.971					16.033	
	17.701	nan	14.481	16.591	16.211	17.481	nan	17.081	14.861	15.221	17.781	16.591	15.771	17.281	18.351	16.981	16.891	15.501	nan	16.911	17.101	17.031	16.941	14.131	17.541	18.121	16.661	16.441	15.011	17.661	17.411	18.011	17.481	17.681	18.711	13.981	19.181	18.861	14.921					15.993	
	17.611	nan	14.421	16.531	16.181	17.391	15.831	17.041	14.791	15.211	17.681	16.551	15.671	17.251	nan	16.951	16.891	15.431	nan	16.951	17.051	17.001	16.921	13.951	17.541	18.131	16.581	16.441	15.121	17.641	17.391	17.931	17.461	17.651	18.671	13.861	19.131	18.861	14.851					15.953	
	17.561	nan	14.351	16.361	16.141	17.351	nan	16.991	14.711	15.241	17.631	16.501	15.561	17.181	nan	16.881	16.881	15.391	nan	16.991	17.011	16.971	16.901	13.751	17.521	18.141	16.471	16.441	15.141	17.641	17.351	17.881	17.451	17.621	18.631	13.861	19.111	18.861	14.771					15.898	
	17.501	nan	14.301	16.261	16.121	17.291	nan	16.961	14.671	15.241	17.581	16.431	15.461	17.161	nan	16.811	16.831	15.331	nan	17.011	16.961	16.921	16.871	13.601	17.511	18.141	16.371	16.431	15.161	17.621	17.301	17.831	17.441	17.581	18.591	13.941	19.071	18.861	14.701					15.843	
	17.431	nan	14.251	16.181	16.111	17.211	15.751	16.911	14.631	15.261	17.511	16.341	15.381	17.081	nan	16.781	16.791	15.301	nan	17.031	16.901	16.881	16.831	13.481	17.501	18.121	16.281	16.431	15.161	17.611	17.231	17.761	17.431	17.531	18.551	14.041	19.021	18.861	14.631					15.768	
	17.361	nan	nan	16.071	16.101	17.081	nan	16.861	14.591	15.281	17.451	16.251	15.291	17.051	nan	16.671	16.751	15.241	nan	17.041	16.861	16.851	16.781	13.301	17.491	18.101	16.231	16.421	15.101	17.581	17.161	17.711	17.411	17.491	18.511	14.171	18.981	18.861	14.591					15.693	
	17.261	nan	nan	15.971	16.071	17.021	nan	16.801	14.501	15.251	17.391	16.141	15.141	16.961	nan	16.571	16.711	15.201	nan	17.041	16.831	16.801	16.711	13.181	17.471	18.101	16.171	16.421	15.031	17.551	17.101	17.661	17.391	17.451	18.461	14.251	18.941	18.861	14.551					15.603	
	17.181	nan	nan	16.021	16.031	17.001	nan	16.711	14.471	15.221	17.321	16.041	15.071	17.021	nan	16.441	16.621	15.131	nan	17.031	16.751	16.771	16.641	13.081	17.441	18.091	16.101	16.421	14.991	17.531	17.051	17.611	17.371	17.431	18.411	14.331	18.901	18.851	14.501					15.533	
	17.081	nan	nan	15.871	15.971	16.951	nan	nan	14.451	15.201	17.271	15.921	14.941	16.871	nan	16.361	16.571	15.071	nan	17.001	16.681	16.751	16.571	12.961	17.411	18.081	16.031	16.421	14.921	17.491	17.031	17.531	17.351	17.401	18.361	14.361	18.861	18.841	14.421					15.443	
	16.971	nan	nan	15.771	15.901	16.861	nan	nan	14.431	15.181	17.211	15.791	14.871	16.781	nan	16.221	16.501	15.011	nan	16.931	16.601	16.731	16.511	12.861	17.391	18.071	15.971	16.421	14.871	17.451	17.011	17.511	17.321	17.361	18.301	14.441	18.831	18.831	14.371					15.358	
	16.791	nan	nan	15.671	15.841	16.721	nan	nan	14.361	15.151	17.151	15.661	14.781	16.681	nan	16.121	16.401	14.921	nan	16.881	16.531	16.711	16.431	12.681	17.371	18.041	15.911	16.411	14.801	17.411	16.931	17.501	17.271	17.331	18.261	14.451	18.781	18.811	14.331					15.268	
	16.651	nan	nan	15.571	15.731	16.661	nan	nan	14.331	15.121	17.091	15.551	14.671	16.601	nan	16.011	16.281	14.821	nan	16.831	16.481	16.651	16.381	12.651	17.351	18.021	15.861	16.411	14.721	17.381	16.871	17.481	17.231	17.291	18.221	14.411	18.711	18.781	14.291					15.208	
	16.501	nan	nan	15.471	15.681	16.591	nan	nan	14.311	15.081	17.031	15.381	14.541	16.491	nan	15.911	16.161	14.751	nan	16.781	16.441	16.561	16.341	12.581	17.321	18.001	15.791	16.401	14.631	17.341	16.811	17.461	17.201	17.261	18.191	14.381	18.671	18.741	14.261					15.173	
