1.55	1.4	0.4	1.85	2	1.05	1.38	0.68	1.88	1.65	1.82	1.78	1.93	2.06	0.63	2.29	2.43	0.49	1.04	0.78	0.18	1.29	1.04
1.55	1.4	0.4	1.8	1.99	1.05	1.38	0.71	1.85	1.65	1.85	1.75	1.92	2.04	0.60	2.26	2.38	0.48	0.95	0.70	0.17	1.30	0.99
1.53	1.25	0.35	1.8	2	1.05	1.38	0.5	1.84	1.65	1.85	1.73	1.91	2.02	0.56	2.23	2.36	0.48	0.94	0.6	0.27	1.26	1.03
1.52	1.1	0.35	1.75	2	1.04	1.38	0.55	1.83	1.65	1.82	1.70	1.90	1.95	0.51	2.20	2.37	0.48	0.99	0.54	0.24	1.33	1.07
1.5	1	0.35	1.75	2.04	1.02	1.38	0.5	1.82	1.62	1.88	1.65	1.89	1.90	0.41	2.13	2.34	0.47	0.93	0.5	0.3	1.33	1.08
1.47	1.05	0.35	1.75	2	1.01	1.37	0.55	1.82	1.62	1.88	1.64	1.88	1.89	0.36	2.11	2.33	0.42	0.97	0.52	0.3	1.35	1.12
1.45	0.9	0.4	1.75	2	1	1.37	0.6	1.70	1.61	1.85	1.63	1.85	1.90	0.39	2.09	2.31	0.41	0.96	0.47	0.22	1.38	1.16
1.4	0.9	0.4	1.75	2	0.9	1.37	0.6	1.66	1.60	1.85	1.62	1.84	1.88	0.32	2.09	2.31	0.39	0.90	0.45	0.2	1.3	1.13
1.38	0.9	0.3	1.75	1.98	0.8	1.37	0.6	1.64	1.50	1.84	1.62	1.83	1.85	0.32	2.09	2.27	0.35	0.88	0.48	0.1	1.33	1.28
1.35	0.9	0.25	1.7	1.95	0.78	1.35	0.58	1.63	1.40	1.79	1.60	1.79	1.85	0.31	2.04	2.28	0.29	0.78	0.49	0.16	1.2	1.27
1.33	0.9	0.25	1.7	1.9	0.7	1.33	0.55	1.62	1.20	1.75	1.60	1.75	1.83	0.37	2.03	2.25	0.21	0.74	0.49	0.1	1.15	1.30
1.3	0.9	0.25	1.7	1.9	0.69	1.25	0.5	1.61	1.20	1.75	1.55	1.74	1.82	0.36	1.99	2.22	0.23	0.68	0.49	0.16	1.08	1.27
1.25	0.8	0.15	1.7	1.9	0.67	1.18	0.5	1.60	1.15	1.70	1.50	1.72	1.75	0.31	1.94	2.15	0.25	0.64	0.49	0.14	1.08	1.25
1.2	0.75	0.1	1.7	1.88	0.66	1.15	0.5	1.60	1.10	1.66	1.45	1.69	1.70	0.32	1.90	2.07	0.27	0.60	0.54	0.17	1.02	1.23
1.15	0.85	0.1	1.7	1.85	0.65	1.12	0.5	1.58	1.10	1.66	1.43	1.65	1.65	0.29	1.91	2.06	0.22	0.60	0.52	0.18	1.04	1.20
1.15	0.75	0.1	1.7	1.83	0.6	1.1	0.5	1.55	1.10	1.66	1.28	1.59	1.62	0.33	1.91	2.01	0.23	0.58	0.4	0.18	1.05	1.21
1.15	0.8	0.1	1.7	1.81	0.58	1.1	0.4	1.50	1.10	1.64	1.25	1.55	1.58	0.38	1.94	1.91	0.20	0.60	0.3	0.29	1.09	1.17
1.15	0.8	0.1	1.7	1.79	0.55	1	0.4	1.49	1.10	1.64	1.22	1.50	1.53	0.31	1.94	1.88	0.19	0.58	0.24	0.3	1.09	1.18
1.15	0.8	0.1	1.65	1.7	0.55	0.9	0.4	1.48	1.05	1.64	1.20	1.45	1.49	0.29	1.94	1.86	0.17	0.60	0.2	0.29	1.11	1.22
1.15	0.8	0.1	1.65	1.7	0.5	0.88	0.4	1.40	1.05	1.52	1.00	1.40	1.47	0.27	1.95	1.83	0.14	0.60	0.29	0.29	1.13	1.24
1.13	0.75	0.1	1.65	1.68	0.45	0.84	0.4	1.30	1.00	1.52	1.00	1.36	1.45	0.16	1.95	1.77	0.14	0.61	0.2	0.1	1.28	1.20
1.11	0.75	0.2	1.65	1.65	0.4	0.8	0.45	1.20	1.00	1.52	0.99	1.32	1.41	0.19	1.93	1.90	0.13	0.63	0.29	0.09	1.13	1.19
1.1	0.7	0.2	1.6	1.6	0.4	0.8	0.46	1.20	1.00	1.40	0.98	1.30	1.38	0.21	1.87	1.51	0.12	0.70	0.24	0.06	1.1	1.174583333
1.08	0.75	0.2	1.6	1.58	0.45	0.7	0.46	1.20	0.90	1.40	0.98	1.30	1.35	0.20	1.87	1.64	0.11	0.62	0.35	0.08	1.06	1.1775
1.05	0.75	0.2	1.6	1.55	0.42	0.6	0.43	1.20	0.90	1.44	0.86	1.30	1.33	0.19	1.82	1.54	0.13	0.62	0.43	0.07	1.03	1.125909091
1.03	0.75	0.15	1.55	1.55	0.43	0.5	0.43	1.15	0.88	1.44	0.90	1.28	1.30	0.19	1.78	1.47	0.15	0.60	0.49	0.05	1.07	1.133888889
1	0.8	0.15	1.55	1.54	0.43	0.4	0.4	1.05	0.88	1.44	0.85	1.23	1.28	0.26	1.59	1.39	0.16	0.57	0.52	0.03	1.16	1.1
0.98	0.8	0.15	1.5	1.5	0.41	0.4	0.4	1.05	0.88	1.44	0.80	1.18	1.25	0.27	1.57	1.29	0.18	0.42	0.57	0.1	1.21	1.062
0.96	0.75	0.15	1.5	1.45	0.4	0.41	0.4	0.99	0.80	1.44	0.75	1.14	1.23	0.33	1.55	1.20	0.17	0.46	0.56	0.22	1.19	1.017368421
0.95	0.75	0.15	1.45	1.4	0.4	0.37	0.4	0.95	0.80	1.44	0.70	1.09	1.20	0.25	1.51	1.19	0.20	0.40	0.5	0.24	1.07	1.001428571
0.94	0.8	0.15	1.45	1.35	0.4	0.35	0.3	0.90	0.80	1.08	0.63	1.07	1.19	0.26	1.46	1.23	0.19	0.30	0.44	0.26	0.9	0.998421053
0.93	0.8	0.1	1.45	1.3	0.48	0.35	0.3	0.85	0.75	1.05	0.64	1.05	1.17	0.25	1.40	1.19	0.19	0.30	0.34	0.3	0.9	0.920588235
0.88	0.85	0.1	1.45	1.25	0.42	0.38	0.26	0.80	0.75	1.00	0.60	1.00	1.16	0.18	1.33	1.12	0.15	0.34	0.35	0.24	0.88	0.872666667
0.85	0.85	0.2	1.45	1.2	0.4	0.4	0.26	0.80	0.70	0.97	0.60	0.95	1.14	0.12	1.23	1.12	0.15	0.36	0.37	0.3	0.89	0.790625
0.84	0.8	0.3	1.47	1.17	0.37	0.45	0.26	0.70	0.70	0.97	0.58	0.95	1.20	0.08	1.15	1.12	0.19	0.43	0.3	0.25	0.92	0.795333333
0.81	0.75	0.3	1.47	1.13	0.35	0.38	0.23	0.70	0.70	0.97	0.55	0.92	1.17	0.03	1.08	1.07	0.20	0.45	0.32	0.2	0.9	0.736428571
0.77	0.7	0.1	1.47	1	0.32	0.38	0.2	0.70	0.70	0.97	0.53	0.85	1.16	0.08	0.99	1.10	0.22	0.43	0.35	0.16	0.88	0.698
0.73	0.7	0.15	1.47	0.97	0.3	0.38	0.2	0.60	0.70	0.95	0.50	0.85	1.13	0.11	0.93	1.11	0.21	0.42	0.4	0.02	1	0.710714286
0.7	0.7	0.1	1.47	0.97	0.27	0.38	0.2	0.50	0.70	0.95	0.46	0.82	1.07	0.22	0.89	1.07	0.21	0.44	0.42	0.07	0.9	0.607333333
0.65	0.6	0.1	1.47	0.96	0.09	0.37	0.2	0.45	0.70	0.95	0.45	0.80	1.09	0.18	0.83	1.01	0.21	0.38	0.42	0.05	0.7	0.657142857
0.63	0.65		1.47	0.94	0.1	0.35	0.2	0.37	0.70	0.95	0.43	0.75	1.06	0.23	0.82	0.98	0.20	0.36	0.45	0.04	0.97	0.591578947
0.62	0.65	0.1	1.5	0.94	0.13	0.33	0.3	0.31	0.65	0.90	0.42	0.75	1.05	0.19	0.76	0.93	0.19	0.32	0.53	0.01	0.65	0.551
0.6	0.65		1.5	0.92	0.16	0.28	0.3	0.38	0.65	0.80	0.40	0.72	1.04	0.20	0.78	0.90	0.16	0.30	0.56	0.08	0.79	0.53875
0.55	0.65		1.5	0.93	0.18	0.25	0.2	0.40	0.60	0.68	0.38	0.68	0.96	0.20	0.72	1.01	0.18	0.30	0.62	0.17	0.97	0.462857143
0.55	0.7	0.2	1.5	0.93	0.2	0.25	0.1	0.40	0.60	0.77	0.39	0.65	1.04	0.22	0.75	1.01	0.22	0.34	0.66	0.3	1	0.368235294
0.5	0.7	0.3	1.5	0.93	0.2	0.26	0.1	0.45	0.60	0.77	0.39	0.60	0.91	0.18	0.78	0.92	0.25	0.32	0.58	0.35	1	0.326470588
0.7	0.7	0.3	1.5	0.85	0.18	0.28	0.1	0.50	0.65	0.73	0.30	0.60	0.91	0.12	0.77	0.89	0.28	0.28	0.5	0.38	0.6	0.371428571
0.65	0.7	0.3	1.45	0.75	0.17	0.3	0.1	0.50	0.70	0.73	0.28	0.61	0.91	0.12	0.86	0.87	0.30	0.29	0.42	0.34	0.6	0.34
0.64	0.7	0.3	1.45	0.7	0.15	0.3	0.1	0.28	0.76	0.68	0.27	0.63	0.93	0.09	0.82	0.89	0.32	0.32	0.4	0.3	0.6	0.3675
0.58	0.65	0.35	1.35	0.63	0.15	0.3	0.1	0.20	0.70	0.68	0.26	0.65	0.87	0.06	0.75	0.89	0.28	0.30	0.4	0.22	0.62	0.40875
0.55	0.6	0.3	1.35	0.57	0.05	0.3	0.1	0.20	0.60	0.68	0.20	0.65	0.92	0.01	0.74	0.83	0.26	0.34	0.48	0.1	0.57	0.410833333
0.54	0.6	0.3	1.35	0.44	0.05	0.3	0.1	0.20	0.56	0.68	0.19	0.66	0.90	0.01	0.70	0.79	0.27	0.40	0.49	0.06	0.6	0.386086957
0.5	0.6	0.25	1.35	0.54	0.05	0.3	0.15	0.20	0.54	0.67	0.30	0.68	0.88	0.01	0.64	0.71	0.24	0.40	0.5	0.04	0.55	0.354583333
0.6	0.65	0.25	1.35	0.57	0.05	0.25	0.2	0.21	0.52	0.62	0.32	0.70	0.88	0.15	0.62	0.68	0.30	0.44	0.48	0.08	0.54	0.352916667
0.72	0.65	0.2	1.35	0.55	0.05	0.23	0.3	0.22	0.52	0.60	0.40	0.72	0.86	0.23	0.63	0.63	0.28	0.47	0.49	0.14	0.57	0.345416667
0.75	0.6	0.3	1.35	0.58	0.03	0.23	0.33	0.22	0.55	0.60	0.38	0.72	0.86	0.26	0.64	0.62	0.31	0.42	0.5	0.1	0.4	0.38
0.75	0.6	0.2	1.3	0.63	0.02	0.18	0.25	0.32	0.55	0.60	0.38	0.73	0.83	0.37	0.65	0.63	0.33	0.40	0.52	0.15	0.42	0.356086957
0.76	0.6	0.3	1.3	0.67	0.02	0.17	0.2	0.30	0.60	0.57	0.38	0.72	0.73	0.35	0.66	0.60	0.32	0.42	0.5	0.2	0.36	0.346666667
0.76	0.6	0.2	1.3	0.7	0.02	0.14	0.2	0.32	0.60	0.57	0.28	0.71	0.79	0.33	0.67	0.56	0.33	0.37	0.48	0.2	0.32	0.376666667
0.75	0.59	0.1	1.35	0.72	0.05	0.12	0.1	0.20	0.56	0.50	0.15	0.70	0.75	0.16	0.68	0.54	0.35	0.32	0.37	0.19	0.33	0.406956522
0.75	0.58	0.05	1.35	0.73	0.05	0.12	0.1	0.20	0.54	0.47	0.10	0.70	0.72	0.17	0.70	0.56	0.32	0.32	0.37	0.26	0.34	0.418636364
0.72	0.57		1.35	0.75	0.05	0.2	0.1	0.21	0.40	0.45	0.09	0.70	0.74	0.14	0.75	0.56	0.32	0.34	0.24	0.29	0.33	0.422173913
0.72	0.53		1.35	0.76	0.05	0.25	0.1	0.21	0.40	0.45	0.09	0.71	0.78	0.11	0.71	0.62	0.31	0.38	0.2	0.33	0.39	0.445833333
0.7	0.51	0.25	1.35	0.77	0.17	0.22	0.1	0.22	0.40	0.45	0.07	0.70	0.79	0.07	0.74	0.63	0.32	0.45	0.16	0.34	0.45	0.472272727
0.65	0.49	0.1	1.35	0.77	0.15	0.22	0.1	0.22	0.40	0.45	0.10	0.71	0.79	0.16	0.71	0.60	0.34	0.47	0.11	0.34	0.48	0.460869565
0.6	0.47	0.25	1.4	0.78	0.15	0.22	0.1	0.25	0.40	0.45	0.05	0.72	0.79	0.17	0.75	0.57	0.41	0.51	0.13	0.3	0.48	0.407916667
0.58	0.46	0.2	1.4	0.8	0.1	0.2	0.1	0.22	0.40	0.45	0.10	0.72	0.81	0.17	0.74	0.46	0.45	0.52	0.15	0.2	0.46	0.363636364
0.58	0.45	0.15	1.4	0.86	0.15	0.15	0.1	0.23	0.40	0.45	0.15	0.72	0.80	0.18	0.73	0.30	0.42	0.54	0.17	0.18	0.4	0.3825
0.58	0.43	0.05	1.4	0.86	0.18	0.1	0.2	0.24	0.47	0.45	0.20	0.72	0.77	0.36	0.71	0.35	0.48	0.51	0.15	0.12	0.36	0.42
0.6	0.41		1.4	0.86	0.22	0.1	0.25	0.30	0.45	0.45	0.22	0.72	0.76	0.38	0.74	0.38	0.50	0.49	0.18	0.08	0.37	0.4675
0.7	0.39		1.4	0.9	0.24	0.1	0.25	0.33	0.45	0.45	0.21	0.72	0.70	0.44	0.76	0.38	0.48	0.51	0.26	0.02	0.33	0.507894737
0.73	0.37	0.05	1.4	0.95	0.25	0.08	0.25	0.33	0.45	0.45	0.18	0.71	0.69	0.42	0.79	0.38	0.49	0.51	0.32	0.05	0.37	0.503333333
0.75	0.35	0.05	1.4	0.95	0.35	0.08	0.25	0.33	0.45	0.45	0.23	0.70	0.67	0.43	0.79	0.38	0.52	0.48	0.35	0.14	0.37	0.431052632
0.78	0.35	0.05	1.4	0.93	0.39	0.08	0.2	0.30	0.41	0.45	0.30	0.71	0.64	0.34	0.83	0.38	0.47	0.42	0.4	0.25	0.46	0.387
0.8	0.34	0.05	1.35	0.9	0.35	0.08	0.2	0.28	0.41	0.45	0.30	0.72	0.58	0.32	0.84	0.39	0.47	0.42	0.36	0.3	0.46	0.361052632
0.9	0.33	0.05	1.35	0.87	0.35	0.08	0.2	0.25	0.41	0.45	0.30	0.71	0.58	0.26	0.85	0.41	0.47	0.40	0.36	0.37	0.46	0.404444444
0.98	0.33		1.3	0.85	0.35	0.08	0.2	0.20	0.40	0.49	0.30	0.71	0.62	0.19	0.88	0.42	0.48	0.42	0.29	0.38	0.48	0.392777778
1	0.32	0.05	1.3	0.83	0.35	0.08	0.2	0.18	0.40	0.49	0.30	0.71	0.63	0.21	0.87	0.45	0.50	0.46	0.36	0.33	0.52	0.3885
1.05	0.32	0.05	1.3	0.8	0.35	0.1	0.2	0.18	0.40	0.49	0.25	0.72	0.67	0.22	0.84	0.48	0.56	0.51	0.18	0.3	0.59	0.337391304
1.05	0.32	0.05	1.3	0.79	0.25	0.2	0.2	0.18	0.40	0.49	0.22	0.72	0.74	0.19	0.82	0.58	0.56	0.53	0.12	0.21	0.61	0.329375
1	0.31	0.05	1.3	0.76	0.25	0.2	0.2	0.15	0.40	0.51	0.17	0.71	0.74	0.20	0.78	0.58	0.57	0.53	0.1	0.18	0.66	0.346818182
1	0.31	0.05	1.3	0.73	0.26	0.25	0.2	0.10	0.40	0.51	0.25	0.71	0.75	0.17	0.80	0.59	0.53	0.55	0.17	0.18	0.71	0.335
1	0.3	0.05	1.25	0.7	0.28	0.3	0.2	0.10	0.40	0.55	0.30	0.71	0.76	0.24	0.84	0.60	0.52	0.57	0.26	0.13	0.71	0.323846154
1.04	0.3	0.05	1.25	0.67	0.3	0.38	0.2	0.10	0.40	0.55	0.40	0.71	0.74	0.32	0.87	0.62	0.54	0.62	0.33	0.13	0.66	0.378125
1.04	0.3	0.05	1.25	0.65	0.37	0.38	0.19	0.13	0.40	0.54	0.40	0.70	0.73	0.42	0.91	0.62	0.56	0.63	0.42	0.15	0.67	0.39
1.05	0.3		1.2	0.65	0.4	0.4	0.19	0.17	0.40	0.53	0.40	0.70	0.71	0.44	0.95	0.62	0.55	0.63	0.43	0.14	0.65	0.418181818
1.05	0.3		1.2	0.65	0.4	0.4	0.4	0.17	0.35	0.54	0.38	0.71	0.72	0.42	0.99	0.61	0.56	0.53	0.47	0.16	0.65	0.44
1.05	0.3		1.2	0.65	0.4	0.4	0.4	0.20	0.35	0.55	0.38	0.70	0.68	0.35	1.00	0.57	0.56	0.40	0.48	0.16	0.65	0.42125
1	0.3	0.05	1.2	0.65	0.5	0.4	0.4	0.20	0.35	0.56	0.38	0.70	0.70	0.28	0.98	0.61	0.55	0.41	0.46	0.24	0.67	0.466315789
1.1	0.35	0.05	1.25	0.65	0.55	0.4	0.3	0.20	0.30	0.57	0.40	0.70	0.69	0.15	1.01	0.62	0.51	0.45	0.44	0.32	0.7	0.511333333
1.1	0.32	0.3	1.25	0.65	0.6	0.4	0.2	0.21	0.33	0.60	0.40	0.69	0.71	0.10	1.02	0.66	0.49	0.43	0.42	0.34	0.75	0.531666667
1.1	0.27	0.35	1.3	0.65	0.5	0.4	0.23	0.19	0.35	0.70	0.36	0.70	0.72	0.03	1.02	0.68	0.50	0.40	0.41	0.37	0.79	0.546666667
1.1	0.25	0.35	1.35	0.58	0.4	0.5	0.23	0.20	0.35	0.70	0.36	0.70	0.80	0.05	0.98	0.71	0.59	0.37	0.35	0.39	0.86	0.530666667
1.1	0.2	0.35	1.35	0.55	0.4	0.5	0.24	0.20	0.35	0.70	0.40	0.69	0.85	0.08	0.97	0.72	0.55	0.45	0.35	0.36	0.88	0.554761905
1.1	0.19	0.35	1.35	0.58	0.32	0.5	0.24	0.16	0.42	0.70	0.40	0.68	0.90	0.12	0.94	0.75	0.44	0.44	0.35	0.36	0.9	0.606842105
1.1	0.18	0.4	1.35	0.6	0.35	0.5	0.24	0.09	0.42	0.71	0.45	0.68	0.92	0.12	0.96	0.77	0.34	0.44	0.41	0.27	0.88	0.618333333
1.1	0.17	0.3	1.35	0.63	0.35	0.5	0.3	0.09	0.42	0.72	0.50	0.69	0.88	0.18	0.97	0.84	0.34	0.44	0.42	0.24	0.84	0.673636364
1.1	0.16	0.35	1.4	0.65	0.38	0.5	0.35	0.10	0.48	0.73	0.60	0.69	0.83	0.24	0.96	0.84	0.32	0.45	0.4	0.16	0.82	0.666470588
1.05	0.15	0.3	1.4	0.7	0.2	0.5	0.4	0.20	0.48	0.74	0.69	0.69	0.80	0.30	1.01	0.84	0.32	0.46	0.4	0.17	0.79	0.7
1.05	0.18	0.35	1.4	0.69	0.25	0.4	0.4	0.30	0.48	0.75	0.78	0.70	0.74	0.33	1.03	0.84	0.32	0.40	0.47	0.18	0.78	0.716842105
1.05	0.23	0.3	1.4	0.67	0.25	0.39	0.4	0.40	0.48	0.75	0.80	0.70	0.77	0.32	1.04	0.85	0.34	0.37	0.5	0.22	0.79	0.730625
1.05	0.25	0.35	1.4	0.65	0.25	0.46	0.35	0.30	0.55	0.76	0.80	0.71	0.78	0.32	1.08	0.86	0.34	0.37	0.56	0.22	0.78	0.740526316
1.05	0.27	0.4	1.4	0.62	0.3	0.46	0.35	0.30	0.55	0.80	0.80	0.72	0.79	0.37	1.12	0.87	0.35	0.20	0.6	0.33	0.79	0.750666667
1.05	0.3	0.4	1.4	0.63	0.33	0.46	0.35	0.30	0.60	0.85	0.80	0.72	0.83	0.32	1.18	0.88	0.36	0.15	0.65	0.35	0.79	0.773636364
1	0.31	0.45	1.4	0.67	0.35	0.5	0.38	0.30	0.70	0.85	0.80	0.72	0.87	0.32	1.20	0.89	0.38	0.24	0.6	0.4	0.84	0.785294118
1	0.32	0.4	1.4	0.68	0.35	0.55	0.45	0.30	0.70	0.90	0.81	0.75	0.89	0.31	1.22	0.86	0.44	0.22	0.62	0.44	0.82	0.798571429
1	0.33	0.4	1.4	0.68	0.4	0.6	0.5	0.28	0.70	0.90	0.82	0.75	0.87	0.34	1.23	0.84	0.45	0.35	0.52	0.36	0.85	0.833333333
1	0.34	0.4	1.4	0.7	0.4	0.6	0.55	0.28	0.65	0.90	0.83	0.78	0.93	0.34	1.23	0.84	0.40	0.30	0.48	0.37	0.85	0.830666667
1	0.35	0.45	1.4	0.73	0.35	0.6	0.6	0.28	0.65	0.91	0.84	0.80	0.94	0.36	1.20	0.86	0.42	0.34	0.42	0.36	0.88	0.858235294
1	0.38	0.6	1.4	0.75	0.3	0.65	0.6	0.26	0.65	0.92	0.87	0.81	0.96	0.33	1.22	0.95	0.38	0.42	0.4	0.38	0.9	0.877894737
1	0.42	0.6	1.4	0.78	0.25	0.68	0.65	0.26	0.65	0.93	0.89	0.82	0.95	0.37	1.24	1.00	0.39	0.47	0.47	0.37	0.92	0.877857143
1	0.46	0.6	1.45	0.79	0.25	0.7	0.68	0.26	0.65	0.94	0.92	0.83	0.94	0.38	1.26	1.06	0.37	0.52	0.5	0.33	0.94	0.873846154
1	0.5	0.6	1.45	0.8	0.27	0.7	0.7	0.30	0.65	0.95	0.97	0.84	0.91	0.44	1.33	1.08	0.35	0.57	0.6	0.35	0.93	0.91625
1	0.55	0.55	1.45	0.8	0.29	0.66	0.7	0.40	0.65	0.96	1.00	0.83	0.87	0.47	1.37	1.15	0.35	0.52	0.6	0.34	0.92	0.901538462
1	0.57	0.5	1.45	0.82	0.29	0.65	0.68	0.68	0.65	1.00	1.00	0.85	0.85	0.49	1.42	1.14	0.30	0.51	0.65	0.36	0.9	0.899090909
1	0.6	0.5	1.45	0.83	0.35	0.65	0.67	0.68	0.70	1.05	1.00	0.88	0.83	0.49	1.48	1.18	0.34	0.46	0.67	0.43	0.88	0.94
1	0.62	0.55	1.45	0.85	0.38	0.7	0.66	0.65	0.70	1.10	1.01	0.90	0.87	0.50	1.54	1.20	0.30	0.44	0.68	0.48	0.84	0.941538462
1	0.63	0.6	1.45	0.85	0.4	0.82	0.63	0.63	0.70	1.10	1.02	0.91	0.87	0.47	1.57	1.24	0.34	0.47	0.72	0.54	0.83	0.903
1	0.65	0.65	1.45	0.85	0.4	0.82	0.62	0.78	0.70	1.15	1.02	0.92	0.87	0.43	1.61	1.27	0.44	0.48	0.72	0.53	0.84	0.88125
1	0.7	0.65	1.45	0.86	0.35	0.78	0.6	0.77	0.70	1.20	1.03	0.90	0.90	0.43	1.63	1.33	0.48	0.48	0.68	0.54	0.86	0.883333333
1.01	0.68	0.7	1.45	0.86	0.4	0.78	0.65	0.75	0.70	1.20	1.05	0.89	0.96	0.42	1.63	1.30	0.58	0.47	0.62	0.64	0.9	0.910434783
1.02	0.65	0.5	1.45	0.88	0.4	0.9	0.65	0.70	0.85	1.20	1.06	0.90	0.97	0.43	1.64	1.34	0.57	0.54	0.58	0.57	0.94	0.8995
1.03	0.63	0.5	1.45	0.88	0.35	0.9	0.7	0.67	0.85	1.30	1.06	0.90	1.04	0.46	1.64	1.35	0.62	0.54	0.58	0.59	0.98	0.929444444
1.04	0.6	0.7	1.45	0.88	0.35	0.9	0.7	0.67	0.70	1.35	1.10	0.89	1.00	0.44	1.66	1.44	0.56	0.60	0.58	0.5	0.98	0.911875
1.04	0.59	0.7	1.45	0.88	0.3	0.9	0.75	0.67	0.70	1.35	1.15	0.91	0.99	0.51	1.67	1.49	0.57	0.64	0.62	0.48	0.98	0.944444444
1.04	0.58	0.7	1.45	0.88	0.3	0.85	0.75	0.72	0.80	1.35	1.26	0.90	0.98	0.54	1.69	1.52	0.54	0.71	0.62	0.45	0.94	0.978333333
1.04	0.56	0.7	1.5	0.88	0.3	0.8	0.75	0.72	0.92	1.35	1.35	0.91	1.00	0.57	1.73	1.55	0.54	0.74	0.62	0.48	0.9	0.965
1.04	0.53	0.75	1.5	0.88	0.35	0.8	0.75	0.72	0.92	1.35	1.35	0.92	0.97	0.62	1.78	1.55	0.55	0.71	0.64	0.46	0.92	
1.03	0.5	0.75	1.5	0.9	0.4	0.8	0.75	0.72	0.92	1.35	1.39	0.93	0.94	0.64	1.83	1.57	0.55	0.70	0.7	0.54	0.88	
1.02	0.52	0.8	1.5	1.05	0.45	0.75	0.75	0.72	0.92	1.35	1.40	0.94	0.95	0.66	1.90	1.61	0.62	0.68	0.7	0.59	0.9	
1	0.56	0.8	1.5	1.07	0.5	0.7	0.75	0.72	1.00	1.40	1.45	0.95	0.98	0.64	2.00	1.59	0.65	0.67	0.74	0.63	0.88	
1	0.59	0.8	1.5	1.05	0.5	0.7	0.8	0.90	1.00	1.45	1.50	0.98	0.99	0.56	2.01	1.57	0.70	0.67	0.74	0.66	0.92	1.043333333
1	0.61	0.9	1.5	0.98	0.6	0.7	0.8	0.90	1.00	1.50	1.50	1.00	0.99	0.60	2.06	1.57	0.72	0.68	0.72	0.75	0.94	1.095
1.01	0.62	0.9	1.5	1	0.6	0.68	0.75	0.80	1.05	1.50	1.51	1.03	1.04	0.60	2.09	1.63	0.77	0.67	0.68	0.75	1	1.136666667
1.02	0.6	1	1.6	1	0.65	0.7	0.7	0.80	1.05	1.50	1.52	1.05	1.08	0.62	2.11	1.65	0.78	0.68	0.62	0.7	1.05	1.215
1.03	0.58	1	1.6	1	0.6	0.7	0.7	0.76	1.08	1.55	1.53	1.09	1.08	0.66	2.10	1.67	0.75	0.72	0.54	0.66	1.07	1.113333333
1.04	0.55	0.9	1.6	1	0.6	0.75	0.7	0.80	1.10	1.58	1.54	1.12	1.10	0.67	2.09	1.70	0.79	0.76	0.48	0.71	1.12	1.07
1.05	0.53	1.08	1.6	1.02	0.6	0.78	0.7	0.80	1.09	1.55	1.50	1.15	1.09	0.70	2.09	1.70	0.84	0.82	0.4	0.62	1.14	1.085652174
1.06	0.5	1.1	1.6	1.03	0.65	0.82	0.75	0.80	1.00	1.60	1.55	1.20	1.10	0.73	2.07	1.74	0.86	0.90	0.39	0.6	1.18	1.101666667
1.07	0.51	1.1	1.55	1.04	0.65	0.7	0.75	0.90	1.10	1.65	1.60	1.21	1.09	0.74	2.07	1.76	0.85	0.93	0.4	0.58	1.2	1.115833333
1.08	0.52	1.1	1.55	1.05	0.55	0.8	0.75	0.95	1.10	1.72	1.65	1.23	1.10	0.78	2.07	1.76	0.84	0.93	0.46	0.62	1.2	1.126666667
1.09	0.53	1.05	1.55	1.1	0.57	0.8	0.75	1.00	1.09	1.70	1.70	1.24	1.09	0.80	2.08	1.76	0.84	0.93	0.54	0.58	1.15	1.165217391
1.1	0.54	1.1	1.6	1.18	0.55	0.76	0.75	1.03	1.15	1.69	1.72	1.25	1.08	0.82	2.07	1.79	0.82	0.89	0.6	0.59	1.14	1.172083333
1.11	0.55	1.1	1.6	1.18	0.55	0.75	0.75	1.05	1.15	1.68	1.72	1.25	1.07	0.82	2.09	1.79	0.82	0.80	0.63	0.64	1.11	1.168333333
1.12	0.56	1.1	1.6	1.2	0.55	0.75	0.8	1.06	1.18	1.67	1.73	1.26	1.08	0.83	2.12	1.78	0.82	0.82	0.58	0.65	1.12	1.165833333
1.13	0.57	1.1	1.6	1.2	0.56	0.75	0.8	1.06	1.27	1.65	1.74	1.26	1.08	0.79	2.13	1.75	0.89	0.80	0.62	0.65	1.14	1.196666667
1.14	0.58	1.05	1.55	1.2	0.55	0.75	0.8	1.10	1.30	1.66	1.77	1.27	1.07	0.78	2.13	1.77	0.89	0.78	0.6	0.64	1.15	1.204545455
1.15	0.58	1.05	1.55	1.2	0.6	0.75	0.8	1.10	1.31	1.68	1.79	1.28	1.08	0.75	2.13	1.76	0.98	0.80	0.64	0.68	1.13	1.202916667
1.16	0.59	1.05	1.55	1.21	0.7	0.75	0.8	1.10	1.32	1.70	1.75	1.29	1.08	0.74	2.14	1.75	1.03	0.79	0.54	0.71	1.17	1.220416667
1.17	0.6	1.1	1.55	1.2	0.7	0.9	0.8	1.10	1.35	1.75	1.70	1.30	1.07	0.77	2.16	1.81	1.06	0.85	0.58	0.7	1.29	1.227916667
1.18	0.6	1.1	1.55	1.2	0.68	0.91	0.8	1.20	1.32	1.79	1.75	1.30	1.06	0.81	2.13	1.83	1.08	0.84	0.56	0.68	1.3	1.23
1.19	0.5	1.2	1.55	1.2	0.65	0.92	0.8	1.05	1.32	1.79	1.78	1.30	1.02	0.85	2.10	1.84	1.08	0.86	0.59	0.65	1.32	1.220909091
1.2	0.5	1.2	1.55	1.23	0.62	0.94	0.8	1.05	1.32	1.79	1.80	1.30	1.01	0.82	2.14	1.84	1.07	0.90	0.61	0.66	1.29	1.232727273
1.23	0.5	1.2	1.6	1.25	0.62	0.94	0.9	1.20	1.32	1.79	1.80	1.30	0.98	0.86	2.14	1.82	1.06	0.90	0.62	0.66	1.31	1.249166667
1.23	0.5	1.2	1.6	1.28	0.62	0.96	0.9	1.10	1.32	1.79	1.83	1.38	0.94	0.91	2.18	1.82	1.07	0.90	0.62	0.58	1.3	1.250416667
1.2	0.6	1.2	1.6	1.29	0.65	0.96	0.9	1.20	1.32	1.80	1.85	1.42	0.88	0.91	2.18	1.80	1.08	0.88	0.7	0.52	1.28	1.255833333
1.2	0.6	1.2	1.6	1.29	0.7	0.98	1	1.20	1.32	1.82	1.87	1.45	0.91	0.93	2.19	1.80	1.08		0.7	0.6	1.26	1.28625
1.22	0.6	1.2	1.6	1.29	0.71	1	1	1.20	1.32	1.82	1.88	1.46	0.90	0.91	2.18	1.77	1.10		0.72	0.6	1.24	1.336666667
1.22	0.7	1.2	1.6	1.4	0.72	1	1	1.25	1.32	1.82	1.88	1.53	0.94	0.92	2.18	1.71	1.10		0.76	0.6	1.26	1.319583333
1.26	0.7	1.2	1.6	1.3	0.72	1	1	1.25	1.35	1.82	1.88	1.52	0.96	0.96	2.22	1.64	1.08		0.76	0.59	1.27	1.31826087
1.26	0.7	1.2	1.6	1.3	0.74	1	1	1.25	1.40	1.82	1.88	1.52	0.97	1.04	2.20	1.62	1.13		0.76	0.66	1.32	1.299166667
1.3	0.75	1.2	1.6	1.3	0.73	1	0.85	1.25	1.47	1.82	1.88	1.52	1.02	1.03	2.21	1.55	1.10		0.77	0.7	1.4	1.326521739
1.3	0.75	1.2	1.6	1.32	0.7	1.1	0.85	1.30	1.48	1.84	1.89	1.53	1.02	1.02	2.18	1.52	1.14		0.74	0.74	1.37	1.335833333
1.4	0.75	1.25	1.6	1.32	0.7	1.1	0.86	1.25	1.48	1.84	1.89	1.53	1.02	1.06	2.20	1.51	1.14		0.68	0.73	1.42	1.343043478
1.4	0.75	1.3	1.6	1.4	0.7	1.1	0.86	1.25	1.48	1.84	1.90	1.54	1.04	1.10	2.13	1.49	1.20		0.64	0.73	1.43	1.324583333
1.43	0.8	1.25	1.65	1.4	0.7	1.2	0.86	1.10	1.48	1.84	1.90	1.55	1.05	1.10	2.15	1.47	1.22		0.6	0.7	1.47	1.34125
1.43	0.8	1.3	1.65	1.38	0.7	1.2	1	1.10	1.48	1.84	1.92	1.55	1.00	1.10	2.11	1.44	1.25		0.57	0.65	1.51	1.34625
1.45	0.8	1.3	1.65	1.36	0.7	1.2	1	1.10	1.48	1.84	1.93	1.56	1.02	1.17	2.13	1.44	1.23		0.6	0.65	1.47	1.345
1.45	0.75	1.3	1.65	1.35	0.7	1.2	1.1	1.16	1.48	1.86	1.94	1.57	1.02	1.14	2.14	1.42	1.21		0.57	0.61	1.62	1.33875
1.47	0.7	1.3	1.65	1.4	0.68	1.2	1.1	1.16	1.48	1.88	1.95	1.58	1.02	1.16	2.12	1.40	1.18		0.64	0.58	1.48	1.317916667
1.47	0.75	1.3	1.65	1.48	0.68	1.2	1.1	1.16	1.48	1.94	1.95	1.59	1.00	1.16	2.13	1.37	1.14		0.63	0.54	1.52	1.332272727
1.5	0.7	1.25	1.65	1.48	0.72	1.2	1.1	1.16	1.48	1.94	2.00	1.60	1.03	1.19	2.14	1.34	1.12		0.66	0.56	1.5	1.355416667
1.5	0.8	1.2	1.65	1.52	0.73	1.2	1.1	1.20	1.48	1.94	2.01	1.62	1.05	1.21	2.14	1.35	1.11		0.62	0.49	1.41	1.357083333
1.5	0.85	1.25	1.65	1.53	0.75	1.2	1.1	1.15	1.48	1.95	2.03	1.63	1.01	1.27	2.09	1.28	1.10		0.65	0.52	1.37	1.354583333
1.5	0.85	1.3	1.65	1.54	0.78	1.2	1.1	1.10	1.50	1.95	2.04	1.64	1.07	1.27	2.09	1.23	1.10		0.66	0.58	1.35	1.36375
1.5	0.8	1.3	1.7	1.56	0.8	1.1	1.15	1.10	1.50	1.96	2.00	1.65	1.05	1.25	2.08	1.22	1.10		0.61	0.58	1.31	1.3525
1.5	0.85	1.3	1.7	1.57	0.8	1.1	1.15	1.10	1.50	1.98	2.03	1.66	1.05	1.29	2.06	1.24	1.16		0.57	0.63	1.35	1.34826087
1.5	0.85	1.3	1.7	1.57	0.7	1.2	1.15	1.10	1.50	1.98	2.04	1.70	1.05	1.30	2.03	1.23	1.16		0.49	0.63	1.38	1.331666667
1.5	0.85	1.3	1.7	1.57	0.7	1.2	1.1	1.10	1.50	1.98	2.08	1.72	1.01	1.30	2.02	1.19	1.16		0.46	0.65	1.41	1.339
1.5	0.8	1.35	1.7	1.57	0.7	1.2	1.05	1.10	1.46	1.98	2.09	1.74	1.00	1.30	1.99	1.15	1.17		0.44	0.65	1.49	1.34
1.55	0.75	1.35	1.7	1.57	0.7	1.2	1.05	1.10	1.46	1.98	2.09	1.75	1.00	1.35	1.97	1.17	1.18		0.44	0.64	1.45	1.38
1.6	0.75	1.3	1.7	1.57	0.7	1.2	1.15	1.00	1.45	1.98	2.08	1.75	1.02	1.34	1.94	1.14	1.19		0.37	0.58	1.44	1.34
1.6	0.75	1.3	1.7	1.57	0.65	1.2	1.15	1.00	1.40	1.98	2.09	1.76	0.99	1.33	1.93	1.13	1.11		0.43	0.59	1.46	1.346666667
1.6	0.75	1.3	1.7	1.57	0.58	1.2	1.15	1.00	1.36	1.98	2.10	1.77	0.98	1.32	1.92	1.07	1.08		0.43	0.53	1.41	1.345833333
1.6	0.75	1.32	1.7	1.53	0.56	1.2	1.15	1.00	1.36	1.98	2.12	1.78	0.96	1.38	1.94	1.01	1.05		0.42	0.44	1.4	1.383333333
1.6	0.75	1.35	1.75	1.57	0.52	1.15	1.15	1.00	1.36	1.90	2.15	1.78	0.99	1.37	1.92	1.02	1.01		0.42	0.48	1.4	1.390833333
1.6	0.75	1.35	1.75	1.6	0.55	1.1	1.15	0.95	1.38	1.90	2.11	1.79	1.02	1.38	1.93	1.03	0.98		0.45	0.47	1.36	1.37125
1.6	0.7	1.35	1.75	1.65	0.58	1.1	1.15	0.95	1.39	1.90	2.10	1.80	1.02	1.37	1.86	0.97	0.98		0.43	0.48	1.35	1.354166667
1.6	0.7	1.35	1.75	1.68	0.58	1.1	1.15	0.95	1.39	1.90	2.10	1.80	1.04	1.38	1.89	0.95	1.00		0.43	0.48	1.4	1.350833333
1.62	0.65	1.35	1.75	1.7	0.6	1.1	1.1	0.90	1.39	1.90	2.05	1.80	1.09	1.38	1.89	0.93	1.00		0.46	0.53	1.39	1.353333333
1.62	0.65	1.35	1.75	1.6	0.55	1.1	1.15	0.85	1.39	1.86	2.02	1.80	1.09	1.42	1.85	0.95	1.00		0.43	0.51	1.41	1.322173913
1.65	0.7	1.35	1.75	1.61	0.62	1.1	1.15	0.82	1.39	1.86	2.05	1.80	1.09	1.39	1.86	0.89	0.99		0.37	0.54	1.48	1.322222222
1.65	0.7	1.35	1.75	1.6	0.6	1.1	1.2	0.80	1.39	1.85	2.05	1.80	1.02	1.49	1.85	0.91	1.02		0.32	0.55	1.43	1.3445
1.67	0.75	1.35	1.72	1.6	0.6	1.1	1.2	0.80	1.40	1.84	2.05	1.80	1.00	1.35	1.84	0.92	1.00		0.28	0.57	1.52	1.297916667
1.67	0.75	1.35	1.72	1.58	0.6	1.1	1.25	0.80	1.32	1.83	2.05	1.80	0.97	1.49	1.83	0.91	0.97		0.27	0.54	1.51	1.277083333
1.7	0.65	1.4	1.72	1.57	0.6	1.1	1.25	0.80	1.32	1.82	2.05	1.81	0.98	1.47	1.83	0.90	0.97		0.28	0.52	1.5	1.31625
1.7	0.7	1.4	1.72	1.56	0.58	1.1	1.25	0.80	1.32	1.81	2.00	1.82	0.94	1.49	1.84	0.86	0.91		0.3	0.49	1.44	1.330454545
1.7	0.75	1.4	1.72	1.56	0.54	1.1	1.34	0.81	1.32	1.75	1.99	1.82	0.84	1.51	1.83	0.89	0.87		0.3	0.43	1.56	1.294166667
1.7	0.7	1.4	1.72	1.56	0.55	0.9	1.3	0.82	1.32	1.70	1.98	1.83	0.86	1.56	1.79	0.87	0.82		0.33	0.46	1.51	1.3025
1.72	0.65	1.4	1.7	1.56	0.55	0.9	1.25	0.83	1.32	1.65	1.95	1.83	0.86	1.52	1.80	0.86	0.76		0.35	0.43	1.5	1.291666667
1.72	0.65	1.4	1.7	1.6	0.6	0.9	1.25	0.84	1.32	1.65	1.90	1.83	0.86	1.56	1.79	0.85	0.74		0.38	0.45	1.46	1.2525
1.75	0.65	1.4	1.7	1.59	0.62	0.9	1.25	0.84	1.32	1.63	1.85	1.84	0.86	1.56	1.78	0.82	0.72		0.38	0.47	1.42	
1.77	0.65	1.4	1.7	1.58	0.62	0.8	1.15	0.84	1.30	1.58	1.83	1.85	0.88	1.56	1.77	0.85	0.70		0.4	0.48	1.36	
1.82	0.65	1.4	1.7	1.56	0.55	0.8	1.15	0.84	1.30	1.55	1.80	1.85	0.89	1.57	1.76	0.82	0.68		0.46	0.52	1.36	1.3
1.85	0.6	1.45	1.7	1.55	0.52	0.8	1.1	0.84	1.30	1.55	1.75	1.85	0.86	1.59	1.75	0.80	0.70		0.45	0.51	1.37	1.169166667
1.87	0.6	1.45	1.7	1.51	0.59	0.8	1.1	0.84	1.30	1.50	1.75	1.86	0.84	1.60	1.74	0.83	0.70		0.46	0.58	1.4	1.157916667
1.9	0.6	1.48	1.7	1.49	0.6	0.8	1.1	0.84	1.31	1.50	1.74	1.87	0.79	1.59	1.73	0.85	0.70		0.47	0.59	1.42	1.150416667
1.93	0.5	1.48	1.72	1.48	0.6	0.8	1.1	0.85	1.31	1.48	1.73	1.88	0.72	1.61	1.73	0.83	0.67		0.44	0.6	1.39	1.115416667
1.95	0.4	1.5	1.72	1.48	0.6	0.8	1.1	0.89	1.31	1.47	1.72	1.90	0.72	1.62	1.75	0.78	0.64		0.42	0.63	1.4	1.11375
1.95	0.35	1.5	1.72	1.47	0.6	0.8	1.1	0.95	1.25	1.46	1.70	1.91	0.72	1.64	1.74	0.81	0.63		0.4	0.6	1.4	1.128695652
1.9	0.3	1.5	1.72	1.47	0.6	0.8	1.1	0.95	1.15	1.45	1.70	1.92	0.67	1.68	1.82	0.81	0.65		0.4	0.54	1.4	1.118571429
1.9	0.35	1.5	1.7	1.45	0.55	0.81	1.1	1.00	1.10	1.40	1.70	1.93	0.69	1.69	1.82	0.83	0.62		0.43	0.54	1.36	1.162380952
1.9	0.35	1.5	1.7	1.48	0.55	0.8	1.1	1.00	1.10	1.38	1.70	1.94	0.64	1.69	1.81	0.84	0.60		0.4	0.48	1.33	1.248
1.9	0.35	1.5	1.7	1.55	0.55	0.7	1.12	1.00	1.08	1.38	1.71	1.96	0.64	1.71	1.77	0.85	0.54		0.43	0.48	1.29	
1.95	0.4	1.5	1.7	1.55	0.6	0.65	1.12	1.05	1.06	1.34	1.71	1.98	0.64	1.72	1.78	0.84	0.57		0.43	0.49	1.3	
1.95	0.4	1.45	1.7	1.54	0.6	0.62	1.13	1.05	1.06	1.34	1.71	1.99	0.63	1.73	1.76	0.83	0.57		0.44	0.49	1.27	
1.9	0.4	1.45	1.7	1.53	0.65	0.62	1.13	1.05	1.08	1.34	1.68	2.00	0.64	1.73	1.73	0.79	0.57		0.42	0.55	1.21	
1.9	0.4	1.4	1.7	1.5	0.65	0.62	1.1	0.93	1.08	1.34	1.60	2.00	0.58	1.73	1.72	0.79	0.58		0.43	0.54	1.22	1.17175
1.9	0.4	1.4	1.7	1.48	0.62	0.62	1.1	0.93	1.08	1.34	1.60	2.00	0.62	1.75	1.66	0.84	0.58		0.42	0.59	1.24	
1.9	0.4	1.46	1.7	1.45	0.62	0.62	1.12	0.93	1.08	1.34	1.60	2.00	0.61	1.80	1.69	0.83	0.60		0.44	0.62	1.23	
1.9	0.3	1.46	1.7	1.46	0.62	0.6	1.12	0.93	1.05	1.30	1.58	2.00	0.65	1.83	1.70	0.85	0.58		0.4	0.62	1.22	
1.9	0.3	1.48	1.65	1.46	0.55	0.55	1.15	0.93	1.00	1.20	1.58	2.00	0.67	1.89	1.69	0.91	0.57		0.4	0.61	1.23	
1.85	0.3	1.48	1.65	1.45	0.55	0.55	1.15	0.88	1.00	1.19	1.58	2.00	0.73	1.91	1.72	0.91	0.57		0.39	0.54	1.2	1.0955
1.9	0.3	1.48	1.65	1.45	0.55	0.55	1.12	1.03	0.95	1.19	1.58	2.00	0.66	1.93	1.70	0.92	0.60		0.41	0.54	1.21	1.140454545
1.9	0.3	1.48	1.65	1.45	0.55	0.55	1.15	1.00	0.90	1.19	1.58	2.00	0.62	1.92	1.72	0.92	0.62		0.39	0.51	1.2	1.136666667
1.9	0.3	1.45	1.65	1.45	0.42	0.58	1.15	1.00	0.90	1.19	1.60	2.00	0.58	1.93	1.71	0.89	0.61		0.39	0.5	1.22	1.07
1.85	0.3	1.45	1.65	1.43	0.45	0.5	1.12	0.94	0.90	1.00	1.64	2.00	0.57	1.93	1.69	0.95	0.62		0.37	0.54	1.18	1.077619048
1.95	0.3	1.45	1.65	1.42	0.37	0.5	1.12	0.92	0.90	1.00	1.64	2.00	0.60	1.91	1.71	0.95	0.62		0.4	0.54	1.15	1.089545455
1.95	0.3	1.4	1.6	1.43	0.37	0.45	1.1	0.90	0.90	0.95	1.64	2.00	0.65	1.92	1.70	0.96	0.68		0.42	0.52	1.11	1.072727273
1.9	0.3	1.35	1.6	1.42	0.35	0.45	1.1	0.88	0.90	0.95	1.64	2.00	0.71	1.91	1.69	0.97	0.67		0.43	0.52	1.09	1.0515
1.9	0.3	1.35	1.6	1.41	0.35	0.44	1.08	0.80	0.95	0.95	1.64	1.99	0.75	1.92	1.64	0.96	0.70		0.39	0.52	1.06	1.072272727
1.9	0.3	1.35	1.6	1.39	0.36	0.44	1.08	0.77	0.95	0.95	1.64	1.99	0.85	1.96	1.64	0.93	0.71		0.41	0.48	1.02	1.047727273
1.8	0.3	1.35	1.6	1.38	0.36	0.44	1.08	0.77	0.95	0.95	1.64	1.99	0.84	1.96	1.59	0.92	0.72		0.41	0.54	1	1.014736842
1.8	0.3	1.4	1.6	1.36	0.36	0.42	1.05	0.77	0.98	0.95	1.64	1.98	0.87	1.96	1.54	1.01	0.76		0.37	0.54	1.03	0.99
1.8	0.3	1.4	1.6	1.34	0.4	0.5	1.05	0.77	0.98	0.98	1.64	1.99	0.87	1.97	1.53	1.04	0.76		0.35	0.53	1.05	0.983157895
1.8	0.35	1.4	1.6	1.3	0.4	0.6	1.05	0.76	0.97	1.02	1.64	1.99	0.85	2.00	1.55	1.09	0.79		0.42	0.51	1.07	0.997272727
1.8	0.35	1.45	1.6	1.28	0.4	0.58	1.05	0.76	0.97	1.00	1.64	1.99	0.87	2.01	1.52	1.13	0.78		0.4	0.52	1.09	0.985263158
1.85	0.35	1.45	1.55	1.26	0.4	0.55	1.12	0.70	0.97	1.00	1.64	1.98	0.87	2.01	1.54	1.12	0.80		0.38	0.53	1.13	0.9595
1.8	0.35	1.4	1.55	1.23	0.4	0.55	1.18	0.65	0.97	0.98	1.72	1.98	0.85	2.02	1.53	1.12	0.80		0.42	0.52	1.09	0.93173913
1.8	0.35	1.45	1.55	1.2	0.4	0.55	1.05	0.65	0.97	1.00	1.70	1.98	0.83	2.02	1.56	1.09	0.82		0.44	0.52	1.09	0.92
1.8	0.35	1.45	1.55	1.2	0.35	0.58	1.05	0.65	1.00	1.00	1.70	1.98	0.80	2.00	1.55	1.11	0.83		0.46	0.49	1.06	0.917916667
1.8	0.35	1.45	1.55	1.2	0.4	0.58	1.05	0.70	1.00	1.00	1.75	1.98	0.84	2.00	1.54	1.14	0.82		0.5	0.46	1.08	0.896666667
1.8	0.35	1.45	1.55	1.2	0.4	0.58	1	0.75	1.00	1.00	1.75	1.98	0.82	1.98	1.53	1.11	0.87		0.5	0.47	1.08	0.91375
1.8	0.25	1.45	1.55	1.2	0.4	0.58	1	0.80	1.00	1.00	1.75	1.95	0.86	1.97	1.52	1.07	0.88		0.47	0.45	1.05	0.90375
1.8	0.35	1.45	1.58	1.2	0.4	0.58	1	0.80	1.00	1.00	1.75	1.90	0.87	1.93	1.51	1.08	0.88		0.5	0.52	1.07	0.90625
1.8	0.25	1.5	1.58	1.2	0.41	0.58	1.04	0.79	1.00	1.00	1.75	1.90	0.88	1.95	1.49	1.09	0.90		0.5	0.57	1.06	0.896666667
1.8	0.25	1.5	1.58	1.2	0.41	0.58	1.02	0.78	1.00	1.02	1.75	1.90	0.90	1.94	1.48	1.10	0.90		0.51	0.55	1.03	0.842916667
1.8	0.25	1.5	1.58	1.2	0.41	0.58	1	0.77	1.00	1.02	1.77	1.91	0.88	1.99	1.46	1.05	0.94		0.51	0.6	1.01	0.866666667
1.8	0.25	1.5	1.58	1.25	0.4	0.6	1	0.77	0.95	1.02	1.80	1.91	0.88	2.03	1.44	1.09	0.93		0.55	0.56	1.05	0.88625
1.8	0.3	1.5	1.6	1.28	0.4	0.6	0.9	0.77	0.90	1.02	1.83	1.91	0.88	2.06	1.43	1.09	0.90		0.5	0.57	1.03	0.907916667
1.8	0.35	1.5	1.6	1.26	0.4	0.6	0.85	0.80	0.90	1.10	1.85	1.91	0.88	2.04	1.42	1.10	0.92		0.48	0.59	1.01	0.917083333
1.8	0.35	1.55	1.6	1.26	0.4	0.6	0.85	0.81	0.80	1.10	1.85	1.91	0.81	2.06	1.42	1.08	0.92		0.48	0.56	0.98	0.965833333
1.8	0.35	1.6	1.6	1.25	0.4	0.6	0.8	0.82	0.80	1.10	1.85	1.92	0.75	2.09	1.47	1.07	0.92		0.48	0.63	1.02	0.99875
1.8	0.35	1.6	1.63	1.3	0.4	0.65	0.8	0.83	0.80	1.10	1.85	1.92	0.68	2.05	1.47	1.06	0.95		0.44	0.64	1.01	1.023333333
1.8	0.35	1.55	1.63	1.41	0.46	0.63	0.9	0.84	0.80	1.10	1.84	1.92	0.71	1.99	1.44	1.07	0.95		0.4	0.64	1.03	1.020833333
1.8	0.4	1.55	1.63	1.42	0.45	0.6	0.9	0.85	0.80	1.10	1.84	1.92	0.74	1.96	1.43	0.97	0.98		0.49	0.66	1.05	1.029583333
1.8	0.4	1.55	1.63	1.48	0.48	0.58	0.9	0.85	0.80	1.12	1.83	1.93	0.82	1.95	1.42	1.01	1.02		0.47	0.65	1	1.02875
1.8	0.4	1.55	1.63	1.48	0.5	0.58	0.8	0.97	0.80	1.13	1.80	1.93	0.86	1.96	1.40	0.93	1.02		0.51	0.67	1.08	1.020833333
1.8	0.45	1.55	1.65	1.48	0.55	0.55	0.9	0.97	0.80	1.13	1.80	1.94	0.89	1.96	1.38	0.96	1.00		0.47	0.66	1.09	1.062083333
1.77	0.4	1.55	1.65	1.48	0.55	0.5	0.9	1.00	0.80	1.14	1.80	1.94	0.93	1.98	1.37	0.96	1.05		0.44	0.66	1.07	1.10875
1.75	0.4	1.6	1.65	1.4	0.59	0.5	0.9	1.02	0.80	1.15	1.79	1.94	1.07	1.98	1.35	0.96	1.03		0.45	0.72	1.09	1.117916667
1.75	0.35	1.6	1.65	1.4	0.6	0.5	0.9	1.08	0.80	1.17	1.80	1.95	1.11	1.99	1.34	0.96	1.03		0.47	0.69	1.09	1.129166667
1.75	0.35	1.6	1.68	1.47	0.63	0.6	0.9	1.08	0.78	1.17	1.80	1.95	0.89	2.02	1.38	0.92	1.03		0.46	0.69	1.13	1.149583333
1.75	0.35	1.6	1.68	1.49	0.63	0.6	0.9	1.10	0.78	1.22	1.83	1.96	0.83	2.04	1.34	0.94	1.03		0.47	0.66	1.08	1.165833333
1.75	0.35	1.6	1.68	1.49	0.63	0.6	0.9	1.16	0.78	1.22	1.85	1.96	0.80	2.03	1.37	0.92	1.06		0.44	0.68	1.1	1.135416667
1.75	0.35	1.6	1.68	1.5	0.63	0.6	0.9	1.08	0.78	1.22	1.85	1.97	0.80	2.10	1.36	0.95	1.02		0.47	0.7	1.06	1.171666667
1.75	0.35	1.6	1.68	1.5	0.64	0.58	0.9	1.10	0.78	1.22	1.85	1.98	0.76	2.09	1.35	0.93	1.04		0.43	0.71	1.1	1.17375
1.73	0.4	1.65	1.68	1.55	0.64	0.57	0.95	1.10	0.78	1.22	1.85	1.98	0.79	2.11	1.37	0.93	1.03		0.48	0.74	1.09	1.177916667
1.7	0.45	1.7	1.7	1.53	0.64	0.57	0.95	1.10	0.85	1.20	1.85	1.99	0.79	2.12	1.42	0.92	1.04		0.48	0.68	1.12	1.18375
1.7	0.55	1.7	1.7	1.58	0.62	0.57	0.95	1.12	0.87	1.20	1.86	2.00	0.78	2.12	1.46	0.86	1.03		0.49	0.7	1.09	1.1675
1.7	0.6	1.65	1.7	1.55	0.65	0.57	0.95	1.12	0.87	1.20	1.87	2.00	0.79	2.08	1.46	0.88	1.07		0.46	0.7	1.17	1.21125
1.7	0.6	1.65	1.7	1.58	0.7	0.57	0.95	1.15	0.90	1.20	1.88	2.01	0.79	2.14	1.45	0.88	1.04		0.42	0.72	1.15	1.182916667
1.7	0.65	1.65	1.72	1.6	0.75	0.6	0.96	1.18	1.20	1.20	1.88	2.01	0.78	2.10	1.42	0.90	1.07		0.38	0.71	1.17	1.2225
1.7	0.65	1.65	1.72	1.61	0.78	0.6	0.96	1.18	1.20	1.20	1.88	2.02	0.80	2.08	1.37	0.88	1.08		0.36	0.64	1.17	
1.7	0.65	1.65	1.72	1.6	0.75	0.6	0.96	1.18	1.20	1.20	1.85	2.03	0.74	2.10	1.33	0.90	1.08		0.36	0.73	1.14	
1.7	0.7	1.6	1.72	1.69	0.75	0.6	1	1.18	1.20	1.22	1.83	2.04	0.80	2.08	1.30	0.90	1.08		0.36	0.72	1.22	
1.7	0.7	1.6	1.75	1.69	0.7	0.6	1.05	1.18	1.20	1.22	1.85	2.04	0.75	2.16	1.30	0.80	1.09		0.38	0.7	1.19	
1.66	0.7	1.65	1.75	1.61	0.75	0.6	1.05	1.18	1.20	1.20	1.87	2.05	0.77	2.18	1.34	0.83	1.13		0.37	0.7	1.15	
1.75	0.6	1.65	1.75	1.63	0.8	0.6	1.1	1.18	1.10	1.15	1.88	2.05	0.76	2.26	1.35	0.85	1.15		0.4	0.71	1.21	
1.75	0.6	1.65	1.8	1.62	0.8	0.62	1.1	1.18	1.10	1.15	1.90	2.06	0.71	2.30	1.37	0.87	1.13		0.39	0.74	1.17	
1.75	0.6	1.65	1.8	1.68	0.8	0.621	1.12	1.20	1.10	1.12	1.89	2.06	0.66	2.32	1.39	0.90	1.12		0.34	0.68	1.2	
1.75	0.65	1.65	1.8	1.71	0.71	0.62	1.16	1.20	1.10	1.10	1.87	2.07	0.57	2.33	1.39	0.87	1.12		0.34	0.72	1.13	
1.73	0.65	1.65	1.85	1.71	0.8	0.62	1.16	1.20	1.10	1.12	1.88	2.08	0.55	2.32	1.43	0.88	1.11		0.36	0.77	1.17	
1.71	0.65	1.7	1.85	1.6	0.89	0.62	1.16	1.30	1.10	1.12	1.87	2.08	0.60	2.34	1.47	0.89	1.11		0.34	0.73	1.14	
1.7	0.7	1.7	1.85	1.6	0.88	0.62	1.16	1.30	1.12	1.15	1.86	2.09	0.63	2.34	1.47	0.86	1.17		0.34	0.79	1.15	
1.73	0.7	1.7	1.85	1.65	0.85	0.62	1.16	1.30	1.12	1.15	1.85	2.09	0.69	2.36	1.48	0.90	1.15		0.37	0.75	1.15	
1.75	0.7	1.65	1.9	1.7	0.85	0.62	1.2	1.30	1.15	1.15	1.84	2.09	0.75	2.34	1.51	0.96	1.16		0.35	0.8	1.21	
1.75	0.7	1.65	1.9	1.75	0.82	0.6	1.18	1.30	1.15	1.15	1.81	2.08	0.86	2.31	1.52	0.98	1.15		0.32	0.83	1.17	
1.75	0.7	1.65	1.92	1.8	0.81	0.68	1.18	1.30	1.18	1.15	1.81	2.08	0.88	2.32	1.55	1.00	1.15		0.42	0.81	1.18	
1.75	0.65	1.65	1.94	1.8	0.83	0.68	1.18	1.30	1.20	1.18	1.82	2.07	0.86	2.32	1.55	1.03	1.15		0.43	0.77	1.17	
1.75	0.75	1.7	1.96	1.8	0.84	0.68	1.18	1.30	1.23	1.18	1.83	2.06	0.96	2.35	1.60	1.07	1.15		0.41	0.83	1.18	
1.75	0.8	1.7	1.98	1.8	0.85	0.68	1.18	1.30	1.23	1.19	1.84	2.05	0.96	2.36	1.61	1.07	1.15		0.5	0.83	1.18	
1.75	0.8	1.7	2	1.8	0.86	0.68	1.18	1.30	1.23	1.20	1.85	2.04	0.89	2.36	1.58	1.10	1.17		0.48	0.85	1.19	
1.78	0.65	1.75	2.03	1.8	0.89	0.68	1.33	1.35	1.25	1.20	1.87	2.03	0.88	2.36	1.59	1.09	1.13		0.55	0.9	1.15	
1.8	0.65	1.75	2.05	1.8	0.9	0.68	1.4	1.35	1.30	1.20	1.88	2.02	0.85	2.35	1.64	1.11	1.16		0.5	0.94	1.19	
1.8	0.65	1.7	2.07	1.85	0.9	0.69	1.4	1.38	1.30	1.20	1.93	2.02	0.84	2.34	1.68	1.13	1.18		0.58	0.91	1.16	
1.8	0.7	1.7	2.1	1.85	0.98	0.7	1.4	1.45	1.35	1.20	1.95	2.02	0.82	2.32	1.73	1.15	1.20		0.6	0.98	1.14	
1.8	0.7	1.7	2.11	1.85	1	0.71	1.4	1.45	1.35	1.21	1.95	2.00	0.82	2.31	1.75	1.15	1.19		0.57	0.94	1.14	
1.8	0.7	1.7	2.12	1.85	1.05	0.71	1.4	1.45	1.38	1.25	1.96	1.99	0.80	2.28	1.79	1.17	1.20		0.57	0.95	1.15	
1.8	0.75	1.7	2.15	1.85	1.08	0.72	1.4	1.47	1.40	1.28	1.99	1.98	0.81	2.32	1.83	1.16	1.25		0.56	0.93	1.16	
1.8	0.7	1.75	2.17	1.85	1.09	0.73	1.4	1.47	1.45	1.32	2.00	1.97	0.82	2.32	1.85	1.15	1.27		0.51	0.96	1.12	
1.8	0.7	1.75	2.18	1.85	1.09	0.74	1.45	1.47	1.45	1.35	2.02	1.97	0.90	2.19	1.82	1.14	1.29		0.52	0.98	1.17	
1.8	0.7	1.75	2.2	1.82	1.08	0.75	1.48	1.47	1.50	1.37	2.05	1.98	0.96	2.18	1.83	1.14	1.24		0.48	1	1.15	
1.8	0.6	1.75	2.2	1.81	1.1	0.75	1.5	1.47	1.50	1.42	2.00	1.99	0.97	2.18	1.82	1.14	1.24		0.45	0.98	1.09	
1.8	0.6	1.75	2.19	1.81	1.1	0.8	1.52	1.47	1.50	1.42	2.00	1.99	1.00	2.20	1.80	1.15	1.24		0.5	0.98	1.14	
1.85	0.6	1.75	2.17	1.8	1.1	0.85	1.53	1.47	1.45	1.42	2.00	2.00	1.03	2.23	1.84	1.13	1.22		0.5	1.02	1.11	
1.85	0.6	1.75	2.15	1.82	1.1	0.95	1.54	1.49	1.52	1.42	2.00	1.98	1.00	2.27	1.84	1.14	1.22		0.52	1.06	1.14	
1.85	0.55	1.7	2.2	1.83	1.09	1	1.56	1.55	1.55	1.45	2.00	1.98	1.00	2.27	1.83	1.16	1.22		0.57	1.02	1.1	
1.85	0.55	1.7	2.2	1.85	1	1	1.56	1.60	1.52	1.45	2.00	1.98	0.94	2.27	1.83	1.15	1.22		0.62	1.07	1.04	
1.85	0.55	1.7	2.24	1.85	1.09	1	1.56	1.55	1.52	1.45	2.00	2.00	0.96	2.27	1.84	1.16	1.20		0.6	1.08	1.07	
1.85	0.55	1.7	2.27	1.85	1.1	1	1.6	1.55	1.52	1.45	2.10	2.05	0.94	2.24	1.85	1.22	1.22		0.63	1.08	1.03	
1.85	0.6	1.7	2.27	1.85	1.1	1	1.6	1.60	1.55	1.45	2.15	2.10	0.95	2.19	1.85	1.17	1.25		0.6	1.09	1.07	
1.85	0.6	1.7	2.25	1.86	1.1	1	1.6	1.65	1.55	1.45	2.18	2.15	1.00	2.14	1.88	1.15	1.27		0.63	1.1	1.11	
1.8	0.7	1.75	2.26	1.85	1.12	1	1.6	1.65	1.60	1.45	2.20	2.20	1.04	2.14	1.90	1.19	1.30		0.67	1.18	1.13	
1.8	0.7	1.75	2.22	1.85	1.15	1	1.63	1.65	1.66	1.45	2.21	2.20	1.05	2.18	2.04	1.21	1.32		0.64	1.22	1.2	
1.8	0.7	1.75	2.28	1.85	1.18	1.1	1.64	1.65	1.66	1.45	2.22	2.20	1.15	2.21	2.04	1.19	1.35		0.64	1.19	1.18	
1.85	0.75	1.75	2.28	1.84	1.2	1.15	1.65	1.65	1.70	1.45	2.23	2.20	1.02	2.18	2.02	1.23	1.32		0.64	1.17	1.23	
1.9	0.75	1.75	2.3	1.82	1.2	1.18	1.67	1.65	1.70	1.45	2.25	2.20	1.24	2.20	1.98	1.24	1.30		0.63	1.19	1.23	
1.85	0.75	1.75	2.33	1.75	1.2	1.18	1.7	1.65	1.70	1.62	2.26	2.20	1.22	2.22	1.91	1.23	1.31		0.66	1.17	1.19	
1.95	0.8	1.75	2.32	1.78	1.2	1.2	1.7	1.65	1.70	1.62	2.28	2.20	1.22	2.21	1.91	1.21	1.31		0.64	1.14	1.18	
1.95	0.8	1.75	2.28	1.78	1.2	1.2	1.7	1.67	1.70	1.62	2.33	2.20	1.23	2.25	1.89	1.27	1.31		0.64	1.18	1.25	
1.95	0.8	1.75	2.28	1.78	1.2	1.2	1.7	1.68	1.71	1.65	2.33	2.24	1.21	2.29	1.93	1.20	1.27		0.65	1.18	1.22	
1.95	0.85	1.75	2.28	1.78	1.2	1.2	1.7	1.70	1.74	1.68	2.50	2.26	1.19	2.28	1.95	1.23	1.25		0.73	1.21	1.25	
1.95	0.9	1.75	2.24	1.78	1.2	1.2	1.7	1.70	1.74	1.68	2.50	2.28	1.17	2.32	1.98	1.20	1.26		0.68	1.24	1.23	
1.95	0.95	1.8	2.26	1.86	1.26	1.2	1.7	1.70	1.74	1.70	2.51	2.29	1.15	2.32	1.99	1.21	1.26		0.72	1.24	1.22	
1.9	0.95	1.8	2.24	1.84	1.26	1.22	1.7	1.75	1.79	1.68	2.50	2.30	1.16	2.33	2.02	1.22	1.26		0.74	1.28	1.27	
1.85	0.95	1.8	2.2	1.83	1.26	1.23	1.7	1.75	1.79	1.68	2.48	2.30	1.12	2.29	1.99	1.28	1.24		0.73	1.31	1.23	
1.85	0.95	1.8	2.24	1.83	1.26	1.24	1.7	1.76	1.79	1.70	2.49	2.30	1.11	2.28	2.04	1.29	1.29		0.72	1.31	1.2	
1.8	0.95	1.8	2.28	1.83	1.26	1.25	1.7	1.76	1.80	1.75	2.47	2.30	1.13	2.29	2.01	1.32	1.28		0.66	1.34	1.25	
1.75	0.95	1.8	2.25	1.83	1.26	1.25	1.7	1.76	1.80	1.82	2.45	2.29	1.16	2.31	2.04	1.30	1.27		0.64	1.32	1.25	
1.75	0.95	1.8	2.23	1.8	1.26	1.25	1.7	1.76	1.80	1.82	2.44	2.28	1.16	2.28	2.01	1.31	1.27		0.6	1.35	1.27	
1.75	0.95	1.8	2.23	1.79	1.26	1.25	1.7	1.76	2.00	1.82	2.43	2.26	1.18	2.31	2.03	1.31	1.33		0.54	1.37	1.3	
1.75	0.95	1.8	2.18	1.8	1.25	1.22	1.7	1.76	2.00	1.82	2.40	2.25	1.19	2.34	2.05	1.30	1.27		0.58	1.35	1.33	
1.75	0.85	1.8	2.2	1.8	1.25	1.2	1.73	1.76	1.80	1.82	2.40	2.22	1.17	2.35	2.11	1.25	1.30		0.57	1.36	1.33	
1.75	0.85	1.8	2.21	1.81	1.25	1.14	1.75	1.75	1.92	1.82	2.40	2.25	1.15	2.34	2.12	1.26	1.22		0.68	1.28	1.36	
1.8	0.85	1.8	2.23	1.82	1.25	1.14	1.78	1.80	2.00	1.82	2.40	2.28	1.17	2.32	2.13	1.25	1.18		0.7	1.3	1.35	
1.8	0.85	1.8	2.23	1.84	1.26	1.1	1.8	1.80	2.05	1.82	2.40	2.30	1.15	2.35	2.14	1.24	1.19		0.76	1.25	1.33	
1.75	0.9	1.8	2.22	1.84	1.27	1.05	1.83	1.80	2.06	1.80	2.39	2.30	1.07	2.34	2.18	1.24	1.18		0.78	1.25	1.34	
1.75	0.9	1.8	2.2	1.88	1.3	1.03	1.82	1.80	2.06	1.77	2.45	2.30	0.99	2.34	2.22	1.17	1.18		0.74	1.29	1.29	
1.75	0.9	1.8	2.18	1.8	1.34	1.02	1.82	1.89	2.06	1.77	2.50	2.35	0.97	2.33	2.26	1.20	1.22		0.76	1.34	1.27	
1.8	0.9	1.8	2.18	1.8	1.35	1	1.83	1.85	2.10	1.77	2.50	2.40	0.85	2.33	2.26	1.16	1.20		0.75	1.34	1.25	
1.8	0.9	1.75	2.16	1.8	1.36	0.9	1.82	1.83	2.15	1.77	2.45	2.50	0.80	2.31	2.27	1.22	1.26		0.68	1.35	1.24	
1.8	0.9	1.75	2.16	1.8	1.38	0.9	1.83	1.83	2.15	1.77	2.40	2.50	0.82	2.33	2.28	1.23	1.25		0.62	1.35	1.30	
1.75	0.85	1.8	2.15	1.8	1.37	0.9	1.83	1.82	2.15	1.77	2.15	2.40	0.83	2.31	2.33	1.18	1.30		0.60	1.38	1.33	
1.75	0.85	1.8	2.15	1.85	1.36	0.9	1.83	1.80	2.15	1.77	2.12	2.40	0.82	2.30	2.34	1.17	1.28		0.54	1.39	1.37	
1.75	0.85	1.8	2.15	1.85	1.35	0.85	1.85	1.77	2.15	1.77	2.11	2.30	0.81	2.34	2.36	1.10	1.28		0.56	1.27	1.38	
1.75	0.75	1.8	2.15	1.73	1.35	0.85	1.9	1.80	2.20	1.78	2.10	2.27	0.74	2.32	2.37	1.08	1.29		0.46	1.32	1.40	
1.75	0.75	1.8	2.15	1.73	1.35	0.8	1.9	1.83	2.08	1.80	2.08	2.27	0.69	2.34	2.40	1.05	1.25		0.48	1.32	1.36	
1.75	0.75	1.8	2.15	1.73	1.35	0.78	1.9	1.85	2.08	1.80	2.08	2.25	0.66	2.38	2.40	1.06	1.24		0.42	1.32	1.43	
1.75	0.65	1.8	2.13	1.73	1.35	0.78	1.9	1.85	2.08	1.85	2.08	2.24	0.64	2.39	2.41	1.01	1.21		0.42	1.30	1.43	
1.75	0.65	1.85	2.12	1.73	1.35	0.8	1.92	1.87	2.00	1.85	2.05	2.23	0.59	2.42	2.39	0.99	1.23		0.49	1.35	1.43	
1.75	0.6	1.85	2.11	1.73	1.35	0.8	1.92	1.88	1.98	1.85	2.05	2.22	0.59	2.41	2.45	0.91	1.23		0.54	1.38	1.43	
1.7	0.6	1.85	2.1	1.75	1.3	0.7	1.92	1.88	1.98	1.85	2.04	2.21	0.56	2.43	2.46	0.86	1.24		0.55	1.38	1.40	
1.65	0.55	1.85	2.12	1.65	1.35	0.7	1.92	1.85	1.95	1.85	2.03	2.20	0.52	2.41	2.56	0.85	1.21		0.51	1.36	1.29	
1.65	0.55	1.85	2.13	1.48	1.35	0.71	1.92	1.85	2.00	1.86	2.00	2.19	0.49	2.38	2.54	0.83	1.21		0.53	1.36	1.21	
1.65	0.55	1.8	2.14	1.45	1.36	0.75	1.85	1.80	2.00	1.87	2.00	2.18	0.48	2.34	2.41	0.80	1.18		0.47	1.36	1.19	
1.6	0.5	1.8	2.12	1.4	1.37	0.73	1.91	1.79	2.00	1.88	1.99	2.17	0.47	2.34	2.50	0.77	1.17		0.41	1.33	1.12	
1.5	0.5	1.8	2.08	1.35	1.4	0.74	1.91	1.77	2.00	1.88	1.98	2.14	0.48	2.32	2.46	0.73	1.21		0.36	1.35	1.19	
1.5	0.4	1.85	2.06	1.3	1.4	0.72	1.91	1.76	2.03	1.88	1.98	2.13	0.51	2.30	2.42	0.77	1.24		0.33	1.36	1.12	
1.5	0.4	1.85	2.06	1.38	1.4	0.7	1.91	1.76	2.03	1.88	1.97	2.10	0.56	2.28	2.42	0.80	1.22		0.26	1.39	1.02	
1.5	0.4	1.85	2.05	1.22	1.4	0.68	1.91	1.78	2.03	1.88	1.95	2.08	0.61	2.26	2.47	0.77	1.24		0.23	1.33	1.03	
1.45	0.35	1.85	2.04	1.1	1.4	0.67	1.91	1.78	2.03	1.90	1.95	2.09	0.60	2.24	2.45	0.76	1.15		0.15	1.36	1.00	
1.4	0.35	1.85	2.02	1.1	1.4	0.67	1.89	1.76	2.03	1.90	1.94	2.07	0.58	2.22	2.43	0.77	1.13		0.18	1.27	1.01	
1.4	0.35	1.85	2.01	1.05	1.39	0.67	1.88	1.75	2.03	1.90	1.93	2.06	0.66	2.20	2.46	0.69	1.10		0.25	1.34	1.10	
1.95	1.4	1.85	2.33	2.04	1.4	1.38	1.92					2.06	0.68	2.20	2.46	0.62	1.04		0.23	1.25	1.10	
