		8.905	9.545	10.985	9.215	10.675	8.625	9.215	11.365	9.275	8.665		12.675		10.125		8.555	11.005	10.175	10.995	10.175		8.545	9.425	9.855	10.715	9.095	12.015	11.575	12.295	11.955	11.885	13.255	7.445	14.225	14.115	7.765					10.005
		8.825	9.435	10.855	9.205	10.615	8.545	9.165	11.255	9.165	8.525		12.595		10.065		8.405	10.935	10.075	10.955	10.055		8.545	9.405	9.825	10.705	8.955	11.965	11.475	12.235	11.915	11.835	13.145	7.385	14.095	14.065	7.715					10.009
		8.735	9.335	10.605	9.195	10.565	8.455		11.145	9.065	8.425		12.515		9.955		8.275	10.885	9.975	10.915	9.915		8.515	9.355	9.795	10.685	8.865	11.915	11.325	12.175	11.875	11.775	13.025	7.255	13.965	14.025	7.645					10.012
		8.635	9.215	10.535	9.175	10.525	8.385		11.025	8.955	8.275		12.435		9.885		8.215	10.825	9.915	10.825	9.815		8.485	9.335	9.725	10.665	8.765	11.855	11.225	12.115	11.735	11.735	12.915	6.925	13.875	13.985	7.545					9.984
		8.515	9.085	10.425	9.175	10.485	8.275		10.905	8.855	8.175		12.365		9.825		8.175	10.755	9.835	10.725	9.725		8.445	9.305	9.645	10.625	8.605	11.785	11.125	12.045	11.715	11.685	12.825	6.925	13.765	13.965	7.475					9.966
		8.405	8.945	10.345	9.145	10.455	8.175		10.775	8.745	8.075		12.295		9.765		8.135	10.675	9.775	10.625	9.625		8.415	9.265	9.565	10.575	8.445	11.705	11.045	11.975	11.695	11.645	12.635	6.725	13.675	13.935	7.425					9.961
		8.275	8.795	10.215	9.095	10.455	8.095		10.655	8.625	7.915		12.215		9.625		8.175	10.585	9.675	10.425	9.525		8.375	9.225	9.455	10.525	8.285	11.605	11.005	11.945	11.615	11.575	12.525	6.525	13.585	13.825	7.355					9.962
		8.145	8.645	10.105	9.035	10.455			10.545	8.495	7.745		12.155		9.525		8.215	10.525	9.555	10.335	9.415		8.315	9.175	9.335	10.445	8.095	11.495	10.955	11.895	11.545	11.545	12.405	6.335	13.485	13.725	7.235					9.955
		8.025	8.495	10.015	8.965	10.445			10.435	8.385	7.705		12.095		9.435		8.215	10.475	9.415	10.225	9.335		8.235	9.105	9.215	10.365	7.885	11.375	10.895	11.815	11.465	11.495	12.325	6.135	13.375	13.625	7.095					9.949
		7.915	8.345	9.925	8.875	10.425			10.335	8.285	7.675		12.025		9.345		8.215	10.415	9.255	10.085	9.265		8.175	9.055	9.115	10.275	7.745	11.255	10.835	11.755	11.435	11.445	12.235	5.975	13.285	13.475	6.985					9.936
		7.795	8.205	9.715	8.765	10.415			10.215	8.165	7.615		11.955		9.235		8.235	10.355	9.085	9.975	9.215		8.135	9.055	9.025	10.165	7.645	11.185	10.785	11.685	11.415	11.365	12.115	5.875	13.175	13.375	6.815					9.917
		7.685	8.065	9.615	8.655	10.385			10.075	8.055	7.505		11.905		9.135		8.285	10.195	8.955	9.875	9.135		8.085	8.975	8.865	10.095	7.515	11.115	10.675	11.605	11.335	11.285	12.045	5.755	13.115	13.255	6.675					9.9
			7.955	9.535	8.555	10.375			9.945	7.925	7.405		11.835		9.085		8.295	9.975	8.725	9.775	9.025		8.045	8.895	8.755	9.995	7.445	11.045	10.595	11.535	11.225	11.255	11.925	5.675	12.875	12.945	6.565					9.885
			7.835	9.485	8.445	10.355			9.815	7.825	7.325		11.775		8.975		8.235	9.855	8.605	9.665	8.915		7.995	8.815	8.625	9.885	7.365	10.985	10.505	11.465	11.095	11.205	11.775	5.585	12.845	12.825	6.445					9.874
			7.705	9.365	8.345	10.345			9.675	7.735	7.135		11.715		8.845		8.115	9.775	8.475	9.575	8.875		7.945	8.735	8.525	9.755	7.245	10.895	10.465	11.385	10.935	11.135	11.695	5.435	12.705	12.695	6.385					9.858
			7.575		8.245	10.305			9.545	7.655	7.065		11.645		8.695		8.025	9.725	8.345	9.485	8.845		7.905	8.645	8.405	9.635	7.025	10.805	10.415	11.315	10.885	11.085	11.615	5.315	12.625	12.565	6.325					9.849
			7.465		8.155	10.285			9.405	7.565	6.975		11.575		8.595		7.925	9.665	8.215	9.435	8.825		7.855	8.565	8.235	9.515	6.845	10.695	10.355	11.245	10.725	11.005	11.575	5.265	12.425	12.425	6.235					9.843
			7.375		8.065	10.255			9.275	7.485	6.815		11.495		8.515		7.825	9.605	8.105	9.395	8.805		7.805	8.475	8.095	9.405	6.765	10.595	10.295	11.165	10.595	10.925	11.475	5.215	12.355	12.295	6.125					9.839
		7.265	7.265		7.975	10.205			9.125	7.425	6.665		11.415		8.345		7.825	9.605	8.015	9.365	8.785		7.765	8.365	7.975	9.325	6.805	10.485	10.245	11.065	10.475	10.815	11.365	5.125	12.285	12.065	6.045					9.827
		7.175	7.165		7.885	10.165			8.985	7.355	6.535		11.335		8.175		7.885	9.515	7.835	9.345	8.765		7.695	8.245	7.915	9.245	6.865	10.405	10.155	10.965	10.345	10.795	11.265	5.015	12.085	11.985	5.955					9.817
		7.055	7.045		7.765	10.095			8.845	7.295	6.375		11.255		7.995		7.965	9.485	7.675	9.325	8.745		7.645	8.125	7.895	9.135	6.755	10.365	10.145	10.915	10.295	10.745	11.155	4.935	11.945	11.945	5.815					9.802
		6.975	6.935		7.665	10.005			8.705	7.235	6.245		11.175		7.875		7.945	9.445	7.635	9.305	8.735		7.585	8.035	7.925	9.005	6.585	10.335	10.115	10.865	9.925	10.705	11.025	4.865	11.915	11.895	5.765					9.8
		6.815	6.825		7.535	9.905			8.565	7.195	6.155		11.075		7.765		7.825	9.345	7.585	9.265	8.775		7.435	7.925	7.935	8.895	6.555	10.305	10.005	10.815	9.465	10.665	10.935	4.805	11.725	11.765	5.725					9.778
		6.745	6.705		7.395	9.795			8.435	7.165	6.205		10.975		7.655		7.695	9.245	7.535	9.185	8.785		7.365	7.785	7.955	8.775	6.625	10.255	9.925	10.735	8.995	10.625	10.865	4.725	11.615	11.605	5.685					9.74
		6.615	6.615		7.255	9.665			8.315	7.125	6.225		10.885		7.555		7.635	9.165	7.475	9.125	8.735		7.295	7.675	8.025	8.655	6.645	10.195	9.895	10.655	8.985	10.595	10.865	4.725	11.505	11.465	5.665					9.704
		6.435	6.545		7.125	9.535			8.235	7.105	6.225		10.795		7.385		7.475	9.075	7.375	9.055	8.725		7.235	7.535	8.085	8.515	6.555	10.145	9.915	10.585	9.165	10.535	10.765	4.695	11.365	11.245	5.655					9.671
		6.255	6.485		6.985	9.405			8.185	7.135	6.125		10.705		7.315		7.375	9.025	7.275	9.015	8.725		7.165	7.415	8.115	8.395	6.425	10.075	9.885	10.535	9.215	10.355	10.675	4.625	11.205	10.945	5.635					9.627
		6.005	6.435		6.865	9.245			8.115	7.195	6.175		10.605		7.175		7.305	8.925	7.175	8.975	8.725		7.105	7.305	8.105	8.285	6.345	9.955	9.835	10.475	9.195	10.175	10.665	4.625	11.095	10.795	5.605					9.557
		5.905	6.365		6.735	9.065			8.035	7.235	6.175		10.495		7.035		7.205	8.775	7.055	8.935	8.755		7.065	7.235	8.055	8.155	6.245	9.875	9.795	10.415	9.055	10.075	10.555	4.715	10.985	10.675	5.565					9.477
		5.735	6.285		6.645	8.905			7.965	7.245	5.965		10.385		6.885		7.135	8.685		8.915	8.785		7.005	7.215	7.975	8.005	6.155	9.645	9.625	10.395	8.985	10.015	10.415	4.785	10.805	10.555	5.535					9.392
		5.665	6.215		6.565	8.735			7.925	7.285			10.285		6.795		7.055	8.595		8.825	8.795		6.955	7.035	7.825	7.855	6.065	9.535	9.525	10.335	8.945	9.865	10.425	4.725	10.675	10.445	5.535					9.289
		5.825	6.175	7.195	6.475	8.605		7.785	7.875	7.325			10.175					8.475		8.695	8.785		6.905	6.975	7.625		6.065	9.435	9.425	10.275	8.505	9.815	10.335	4.705	10.505	10.305	5.515					9.173
		5.625	6.155	7.155	6.355	8.485		7.715	7.775	7.335			10.065					8.415		8.575	8.765		6.845	6.815	7.425		6.115	9.325	9.335	10.255	8.425	9.715	10.275	4.675	10.345	10.215	5.495					9.055
		5.625	6.155	7.175	6.275	8.415		7.675	7.635	7.295			9.955					8.315		8.485	8.745		6.765	6.725	7.205		6.085	9.245	9.205	10.215	8.325	9.695	10.235	4.655	10.165	10.105	5.495					8.921
		5.635	6.145	7.205	6.215	8.365		7.635	7.505	7.245			9.835					8.315		8.435	8.715		6.685	6.615	7.035		6.055	9.145	9.085	10.145	8.295	9.485	10.155	4.665	10.005	10.025	5.425					8.799
		5.675	6.125	7.515	6.175	8.315		7.595	7.365				9.735					8.335		8.395	8.675		6.615	6.535	6.875		5.975	9.015	9.035	10.115	8.225	9.395	10.065	4.615	9.865	9.925	5.235					8.655
		5.555	6.125	7.345	6.145	8.275		7.615	7.275				9.625					8.325		8.355	8.635		6.535	6.465	6.775		5.905	8.905	8.985	10.095	8.075	9.285	9.995	4.565	9.705	9.865	5.315					8.568
		5.515	6.115	7.465	6.135	8.235		7.655	7.185				9.535					8.325		8.335	8.595		6.475	6.425	6.665		5.855	8.805	8.885	10.095	8.145	9.185	9.935	4.535	9.545	9.775	5.395					8.527
		5.475	6.105	7.535	6.105	8.195		7.745	7.075				9.465					8.265		8.395	8.555		6.425	6.365	6.585		5.745	8.725	8.785	10.105	8.065	9.055	9.895	4.475	9.425	9.695	5.415					8.485
		5.525	6.095	7.605	6.095	8.145		7.855	6.945		5.455		9.415					8.265		8.435	8.515		6.385	6.285	6.585		5.695	8.595	8.675	10.105	7.815	8.905	9.835	4.375	9.325	9.635	5.405					8.389
		5.655	6.085	7.655	6.085	8.115		7.945	6.835		5.415		9.355				7.075	8.295		8.485	8.485		6.355	6.225	6.625		5.665	8.495	8.575	10.065	7.625	8.765	9.785	4.225	9.175	9.605	5.415					8.281
		5.695	6.065	7.595	6.075	8.095		8.015	6.725		5.415		9.285				7.085	8.305		8.535	8.485		6.345	6.115	6.645		5.685	8.455	8.525	10.005	7.515	8.715	9.775	4.215	8.995	9.555	5.655					8.176
		5.725	6.055	7.545	6.055	8.065		8.025	6.645		5.495		9.235				7.085	8.195		8.575	8.485		6.355	5.965	6.625		5.765	8.475	8.605	9.965	7.475	8.695	9.715	4.245	8.925	9.525	5.805					8.053
			6.045	7.495	6.045	8.035		8.035	6.565		5.665		9.145				7.075	8.095		8.605	8.485		6.335	5.875	6.495		5.815	8.465	8.835	9.905	7.435	8.665	9.605	4.255	8.825	9.475	5.915					7.971
			6.025	7.405	6.035	8.005		8.055	6.505		5.675		9.065					8.525		8.645	8.535		6.305	5.775	6.305		5.875	8.395	9.015	9.785	7.395	8.635	9.605	4.295	8.755	9.435	6.045					7.869
			6.015	7.315	6.035	7.995		8.075	6.465		5.585		9.005					7.955		8.675	8.575		6.255	5.615	6.145		5.965	8.415	9.215	9.695	7.355	8.595	9.565	4.305	8.715	9.375	6.105					7.788
			6.005	7.275	6.025	7.975		8.075	6.425		5.615		8.945					7.875		8.715	8.605		6.245	5.525	6.025		6.075	8.525	9.375	9.605	7.285	8.545	9.555	4.335	8.685	9.315	6.195					7.742
			6.005	7.215	6.015	7.965		8.055	6.385		5.745		8.885					7.775		8.705	8.605		6.235	5.405	5.935		6.095	8.625	9.435	9.545	7.235	8.485	9.555	4.345	8.685	9.265	6.295					7.68
			5.995	7.125	6.005	7.965		8.005	6.345		5.835		8.815					7.665		8.685	8.605		6.245	5.335	5.895		6.115	8.575	9.455	9.455	7.225	8.445	9.545	4.345	8.705	9.205	6.325					7.589
			5.985	7.015	6.015	7.995		7.985	6.325		6.085		8.735					7.575		8.655	8.595		6.265	5.265	5.895		6.155	8.525	9.455	9.365	7.265	8.485	9.545	4.345	8.715	9.115	6.365					7.523
			5.975	6.915	6.005	8.035		7.955	6.275		6.175		8.635					7.475		8.665	8.585		6.305	5.225	5.895		6.355	8.375	9.455	9.275	7.295	8.585	9.535	4.325	8.735	8.995	6.375					7.437
			5.965	6.715	6.005	8.085		7.935	6.235		6.185		8.515					7.375		8.665	8.585		6.355	5.225	5.905		6.355	8.255	9.435	9.175	7.235	8.665	9.475	4.325	8.755	8.915	6.375					7.486
			5.965	6.525	5.995	8.135		7.915	6.195		6.175		8.395					7.275		8.665	8.565		6.385	5.215	5.915		6.465	8.205	9.365	9.005	7.105	8.785	9.435	4.345	8.865	8.815	6.365					7.547
			5.955	6.315	5.995	8.155		7.875			6.165		8.275					7.225		8.645	8.535		6.425	5.175	5.915		6.435	8.195	9.325	8.845	7.105	8.915	9.395	4.305	8.895	8.715	6.305					7.565
			5.945	6.265	5.995	8.185		7.855			6.125		8.185					7.225		8.595	8.495		6.445	5.155	5.905		6.285	8.175	9.265	8.645	7.035	9.015	9.355	4.265	8.835	8.605	6.295					7.482
			5.935	6.355	6.075	8.195		7.865			6.035		8.135					7.225		8.525	8.475		6.455	5.205	5.905		6.115	8.275	9.185	8.475	6.945	9.085	9.325	4.345	8.775	8.515	6.265					7.415
			5.925	6.405	6.285	8.215		7.905			5.835		8.115					7.275		8.455	8.425		6.475	5.265	5.945		5.985	8.355	9.125	8.335	6.815	9.125	9.305	4.435	8.735	8.395	6.225					7.412
			5.925	6.455	6.465	8.205		7.915			5.745		8.105					7.335		8.395	8.355		6.515	5.325	5.975		5.905	8.385	9.025	8.195	6.685	9.135	9.305	4.485	8.695	8.275	6.195					7.44
			5.925	6.535	6.655	8.195		7.925			5.675		8.095					7.395		8.345	8.315		6.545	5.445	5.995		5.885	8.475	8.805	8.095	6.595	9.115	9.275	4.595	8.675	8.155	6.205					7.446
	4.905	4.705	5.915		6.815	8.155		7.925		6.985	5.515	5.775	8.105	6.115				7.475		8.265	8.275		6.575	5.685	6.035	6.045	5.905	8.685	8.745	7.965	6.555	9.105	9.235	4.785	8.655	7.965	6.225					7.45
	4.855	4.645	5.905		6.885	8.115		7.935		7.115	5.395	5.935	8.115	6.055				7.565		8.285	8.175		6.595	5.765	6.095	6.045	5.965	8.715	8.595	7.825	6.525	9.105	9.195	4.965	8.625	7.905	6.185					7.424
	4.815	4.615	5.905		6.905	8.065		7.955		7.285	5.265	6.225	8.115	5.945				7.665		8.305	8.075		6.625	5.825	6.175	5.995	5.975	8.745	8.475	7.725	6.425	9.095	9.165	5.085	8.635	7.755	6.175					7.423
	4.725	4.685	5.895		6.915	8.015		7.965		7.375	5.185	6.415	8.075	5.855				7.775		8.355	7.975		6.655	5.875	6.255	5.885	6.105	8.785	8.445	7.675	6.065	9.025	9.155	5.075	8.685	7.685	6.225					7.447
	4.705	4.885	5.885		6.895	7.975		7.975		7.425	5.125	6.255	8.015	5.885				7.865		8.395	7.875		6.695	5.915	6.235	5.825	6.235	8.725	8.485	7.645	6.045	8.975	9.155	5.485	8.765	7.615	6.215					7.418
	4.665	5.025	5.885		6.865	7.965		7.965		7.465	5.095	6.185	7.945	5.905				7.935		8.435	7.805		6.715	5.935	6.155	5.715	6.325	8.585	8.605	7.545	5.965	8.945	9.125	4.995	8.835	7.545	6.235					7.325
	4.625	5.545	5.885		6.835	7.965		7.965		7.515	4.945	5.995	7.885	5.935				7.965		8.505	7.755		6.725	5.975	6.085	5.625	6.395	8.465	8.685	7.455	5.985	8.945	9.125	5.045	8.895	7.485	6.295					7.198
	4.565	5.435	5.885		6.795	7.935		7.975		7.565	4.915	5.755	7.805	6.085	6.085			8.015		8.595	7.715		6.765	5.985	6.225	5.555	6.355	8.425	8.765	7.475	5.945	8.905	9.105	5.125	8.935	7.435	6.315					7.191
	4.475	5.535	5.875		6.815	7.885		7.965		7.565	5.005	5.635	7.745	6.135	6.275			8.035		8.755	7.665		6.815	5.995	6.545	5.545	6.325	8.455	8.835	7.485	6.025	8.905	9.065	5.295	8.935	7.375	6.295					7.307
	4.385	5.615	5.875		6.885	7.875		7.925		7.545	5.155	5.615	7.725	6.215	6.475			8.035		8.925	7.595		6.835	6.015	6.815	5.565	6.205	8.485	8.875	7.695	6.275	8.925	9.035	5.395	8.955	7.325	6.265					
	4.295	5.565	5.875		7.005	7.845		7.885		7.495	5.335		7.815	6.215	6.565			8.015		8.975	7.505		6.855	6.025	6.925	5.555	6.075	8.475	8.905	7.755	6.355	8.945	9.025	5.505	8.995	7.275	6.245					
	4.245	5.535	5.875		7.135	7.795		7.845		7.445	5.425		7.885	6.105	6.645			7.945		9.025	7.455		6.885	6.025	6.965	5.475	5.995	8.445	8.885	8.025	6.535	8.915	8.945	5.605	9.015	7.215	6.255					7.375
	4.185	5.605	5.915		7.235	7.725		7.805		7.385	5.455		7.955	5.885	6.825			7.915		9.125	7.395		6.915	6.035	7.045	5.425	5.905	8.375	8.865	8.135	6.675	8.885	8.995	5.585	9.065	7.155	6.285					7.358
	4.195	5.795	6.015		7.315	7.655		7.745		7.335	5.495		8.025	5.795	7.015			7.885		9.215	7.275		6.925	6.065	7.105	5.385	5.755	8.285	8.885	8.225	6.785	8.895	8.935	5.635	9.115	7.135	6.215					7.29
	4.295	5.785	6.155		7.395	7.575		7.675		7.325	5.475		8.085	5.715	7.175			7.895		9.295	7.185		6.945	6.045	7.085	5.385	5.645	8.095	8.865	8.305	6.915	8.945	8.895	5.695	9.145	7.115	6.235					7.177
	4.395	5.665	6.235		7.445	7.445		7.575		7.325	5.385	5.315	8.145	5.655	7.245			7.905		9.385	7.085		6.955	6.035	7.015	5.435	5.625	7.955	8.775	8.355	6.645	8.965	8.855	5.725	9.155	7.085	6.265					7.051
	4.295	5.605	6.265		7.465	7.435		7.455		7.345	5.285	5.395	8.175	5.625	7.315			7.905		9.455	6.955		6.965	6.035	6.925	5.545	5.695	7.845	8.675	8.355	6.595	9.015	8.805	6.125	9.175	7.075	6.375					6.963
	4.195	5.285	6.245		7.465	7.475		7.345		7.405	5.285	5.355	8.195	5.625	7.305			7.945		9.525	6.915		6.985	6.025	6.835	5.715	5.835	7.735	8.565	8.345	6.595	9.075	8.745	6.465	9.195	7.095	6.515					6.939
	4.295		6.205		7.455	7.485		7.235		7.435	5.435	5.295	8.255	5.695	7.295			8.005		9.585	6.985		7.005	6.005	6.775	5.865	6.075	7.745	8.485	8.335	6.635	9.095	8.765	6.425	9.205	7.115	6.635					6.872
	4.395		6.155		7.415	7.475		7.155		7.475	5.565	5.145	8.305	5.845	7.255			8.065		9.635	7.105		7.015	5.995	6.765	6.095	6.295	7.675	8.385	8.375	6.895	9.115	8.825	6.435	9.215	7.115	6.765					6.495
	4.515	5.115	6.185		7.395	7.425		6.985		7.475	5.495	5.075	8.315	5.935	7.175			8.095		9.675	7.295		7.025	6.005	6.795	6.235	6.555	7.555	8.325	8.475	6.805	9.105	8.865	6.525	9.225	7.135	6.845					6.201
	4.525	5.105	6.205		7.345	7.425		6.865		7.455	5.425		8.355	6.155	7.065			8.135		9.735	7.475		7.035	5.935	6.865	6.365	6.755	7.505	8.355	8.575	6.925	9.105	8.915	6.635	9.265	7.195	6.885					6.204
	4.535	5.095	6.265		7.295	7.465		6.765		7.445	5.455		8.395	6.295	6.815			8.155		9.795	7.575		7.045	5.895	7.055	6.525	6.905	7.515	8.435	8.605	7.025	9.085	8.965	6.785	9.305	7.235	6.915					6.28
	4.565	5.085	6.305		7.205	7.555		6.685		7.445	5.445		8.405	6.415	6.655			8.195		9.815	7.625		7.055	5.835	7.205	6.725	7.035	7.585	8.525	8.635	7.115	9.025	9.045	6.925	9.315	7.285	6.965					6.354
	4.595	5.085	6.355		7.095	7.595		6.605		7.365	5.395		8.435	6.495	6.465			8.215		9.835	7.625		7.045	5.765	7.425	6.955	6.985	7.645	8.665	8.705	7.155	9.015	9.185	6.885	9.355	7.355	7.005					6.416
	4.635	5.085	6.385		6.945	7.625		6.525		7.275	5.285		8.455	6.585	6.275			8.215			7.605		7.045	5.685	7.695	7.135	6.855	7.665	8.665	8.825	7.255	9.005	9.285	6.775	9.365	7.465	7.005					6.55
	4.675	5.085	6.435		6.825	7.645		6.485		7.195	5.185	4.795	8.465	6.655	6.105			8.215			7.525		7.035	5.635	7.825	7.195	6.695	7.705	8.495	8.945	7.375	9.005	9.335	6.655	9.395	7.565	6.955					6.668
	4.735	5.085	6.475		6.705	7.645		6.485		7.145	5.185	4.735	8.475	6.745	5.975		7.175	8.205		9.875	7.435		7.025	5.635	7.885	7.205	6.635	7.805	8.375	9.065	7.485	9.005	9.375	6.445	9.405	7.635	6.945					6.816
	4.795	5.095	6.515		6.605	7.655		6.515		7.065	5.225	4.685	8.475	6.825	6.005		7.405	8.205		9.875	7.345		7.025	5.645	7.945	7.235	6.585	7.895	8.305	9.165	7.665	8.995	9.425	6.245	9.415	7.705	6.975					6.902
	4.865	5.095	6.535		6.515	7.645		6.535		7.105	5.235	4.625	8.455	6.905	6.175		7.595	8.205		9.865	7.145		7.015	5.625	8.035	7.285	6.515	7.985	8.205	9.205	7.915	8.955	9.465	5.975	9.435	7.795	6.995					6.925
	5.005	5.085	6.545		6.375	7.655		6.555		7.155	5.165	4.605	8.435	6.995	6.375		7.685	8.205		9.845	6.965		7.005	5.605	8.025	7.345	6.495	8.035	8.005	9.265	8.165	8.925	9.505	5.985	9.455	7.825	6.975					6.975
	5.115	5.085	6.585		6.295	7.695	5.875	6.555	5.365	7.195	5.075	4.595	8.425	6.895	6.555		7.735	8.285		9.845	6.875		6.985	5.585	7.945	7.435	6.515	8.115	7.875	9.285	8.285	8.925	9.535	6.165	9.475	7.865						7.046
	5.155	5.175	6.625		6.225	7.735	5.965	6.565	5.725	7.165	5.025	4.665	8.405	6.875	6.785		7.765	8.375		9.845	6.785		6.965	5.585	7.895	7.475	6.595	8.165	7.755	9.285	8.385	8.935	9.565	6.305	9.485	7.905						7.062
	5.195	5.395	6.625		6.195	7.755	6.075	6.615	6.095	7.115	5.155	4.815	8.405	6.875	6.885		7.775	8.475		9.845	6.735		6.945	5.585	7.835	7.465	6.695	8.175	7.605	9.305	8.525	8.945	9.585	6.435	9.485	7.955						7.091
	5.535	5.685	6.595		6.185	7.795	6.185	6.685	6.485	7.055	5.315	4.695	8.365	6.775	6.935		7.745	8.555		9.825	6.665		6.965	5.585	7.775	7.445	6.895	8.235	7.475	9.285	8.625	8.995	9.605	6.535	9.505	7.995						7.2
	5.605	5.915	6.555		6.195	7.815	6.135	6.735	6.845	7.215	5.755	5.325	8.325	6.705	6.975		7.745	8.625	6.905	9.835	6.655		6.985	5.575	7.705	7.445	6.945	8.195	7.535	9.275	8.715	9.065	9.655	6.605	9.535	8.015						7.387
	5.695		6.515		6.185	7.865	6.045	6.805	7.025	7.335	6.045	5.505	8.295	6.725	6.965		7.745	8.735	6.875	9.835	6.645		6.975	5.565	7.615	7.445	6.885	8.135	7.685	9.305	8.785	9.055	9.705	6.665	9.555	8.075						7.553
	5.665		6.495		6.185	7.935	5.945	6.885	7.095	7.415	6.285	5.645	8.265	6.805	6.945		7.735	8.825	6.835	9.845	6.745		6.985	5.565	7.505	7.445	6.795	8.135	7.825	9.345	8.875	9.025	9.785	6.735	9.585	8.135						7.7
	5.635		6.485		6.195	8.015	5.895	6.925	7.135	7.475	6.475	5.875	8.245	6.945	6.845		7.755	8.875	6.765	9.845	6.905		6.985	5.575	7.355	7.445	6.665	8.175	7.885	9.385	8.995	9.005	9.805	6.815	9.615	8.185						7.815
	5.615		6.495		6.185	8.095	5.975	6.935	7.135	7.545	6.625	6.035	8.255	7.125	6.765		7.805	8.925	6.705	9.855	7.035		7.005	5.605	7.265	7.485	6.555	8.175	7.885	9.425	9.095	8.995	9.805	6.935	9.655	8.275						
	5.635		6.555		6.185	8.175	6.155	6.955	7.075	7.645	6.775	6.245	8.255	7.225	6.705		7.855	8.995	6.655	9.845	7.075		7.045	5.625	7.225	7.625	6.495	8.135	7.945	9.485	9.195	8.965	9.795	7.085	9.695	8.405						8.028
	5.645		6.615		6.205	8.305		6.945	7.025	7.715	6.915	6.485	8.215	7.185	6.665		7.955	9.035	6.685	9.825	7.115		7.085	5.625	7.195	7.755	6.425	8.055	8.055	9.535	9.295	8.845	9.825	7.255	9.745	8.525						8.079
	5.665		6.675		6.255	8.425		6.935	6.995	7.855	6.955	6.625	8.155	7.135	6.735		8.055	9.065	6.785	9.815	7.155		7.105	5.625	7.175	7.885	6.465	8.095	8.155	9.585	9.385	8.875	9.845	7.405	9.805	8.625						8.125
	5.725		6.715		6.285	8.535		6.835	7.015	8.005	6.955	6.855	8.105	7.055	6.925		8.075	9.085	6.905	9.825	7.195		7.125	5.585	7.185	8.015	6.565	8.145	8.245	9.645	9.425	8.915	9.855	7.525	9.865	8.715						8.152
	5.765		6.765		6.365	8.705		6.875	7.005	8.125	6.915	6.855	8.045	7.005	6.955		8.105	9.105	6.895	9.835	7.235		7.145	5.575	7.245	8.145	6.715	8.145	8.365	9.705	9.445	8.995	9.885	7.685	9.915	8.785						8.212
	5.785		6.795		6.475	8.725		6.915	6.985	8.215	6.785	6.955	7.975	6.915	7.055		8.135	9.155	6.855	9.845	7.275		7.145	5.575	7.365	8.235	6.915	8.185	8.445	9.765	9.445	9.075	9.905	7.895	9.945	8.945						8.287
	5.765		6.805		6.645	8.825		6.955	6.945	8.285	6.665	7.135	7.915	6.855	7.125		8.175	9.195	6.815	9.845	7.315		7.155	5.595	7.435	8.305	7.205	8.205	8.535	9.835	9.455	9.125	9.915	8.065	10.025	9.105						8.339
	5.665		6.795		6.865	8.905		6.995	6.845	8.305	6.525	7.535	7.845	6.885	7.255		8.225	9.255	6.835	9.825	7.345		7.165	5.675	7.475	8.345	7.395	8.285	8.585	9.875	9.475	9.165	9.935	8.155	10.065	9.175						8.39
	5.605		6.765		7.075	8.955			6.705	8.335	6.405	7.715	7.795	7.005	7.395		8.275	9.295	6.945	9.805	7.415		7.185	5.725	7.525	8.365	7.865	8.345	8.635	9.935	9.445	9.225	9.935	8.215	10.075	9.225						8.448
	5.495		6.765		7.325	8.985			6.555	8.365	6.225	7.735	7.725	7.095	7.465		8.295	9.355	7.125	9.785	7.495		7.195	5.735	7.575	8.365	8.105	8.315	8.675	9.965	9.475	9.275	9.955	8.305	10.135	9.305						8.491
	5.545		6.795		7.545	9.015			6.405	8.415	6.005	7.755	7.665	7.215	7.515		8.315	9.385	7.305	9.755	7.645		7.215	5.775	7.645	8.385	8.335	8.325	8.705	9.995	9.515	9.255	9.965	8.345	10.235	9.405						8.538
	5.695		6.835		7.755	9.075			6.265	8.495	5.915	7.765	7.595	7.315	7.555		8.375	9.405	7.525	9.725	7.785		7.215	5.815	7.715	8.415	8.465	8.445	8.685	10.035	9.535	9.245	9.965	8.355	10.355	9.515						8.576
	5.625		6.875		7.955	9.155			6.175	8.605	5.845	7.715	7.525	7.365	7.625		8.455	9.425	7.705	9.675	7.785		7.215	5.855	7.755	8.455	8.555	8.565	8.655	10.105	9.585	9.255	9.955	8.405	10.495	9.595						8.571
			6.935		8.115	9.195	8.805		6.125	8.745	5.855	7.595	7.455	7.445	7.695		8.495	9.445	7.855	9.635	7.785		7.215	5.895	7.795	8.525	8.645	8.615	8.715	10.135	9.655	9.245	9.985	8.455	10.635	9.675						8.578
			7.005		8.515	9.265	8.895		6.145	8.845	6.025	7.505	7.405	7.565	7.735		8.545	9.455	7.985	9.595	7.865		7.245	5.915	7.785	8.605	8.725	8.635	8.805	10.195	9.765	9.225	9.995	8.485	10.775	9.745						8.565
			7.075		8.415	9.335	8.955		6.255	8.945	6.045	7.435	7.375	7.665	7.765		8.675	9.455	8.065	9.585	8.025		7.285	5.955	7.705	8.695	8.835	8.685	8.885	10.205	9.865	9.275	10.005	8.465	10.885	9.855						8.535
			7.165		8.505	9.415	9.015		6.515	9.015	6.075	7.425	7.355	7.865	7.735		8.765	9.475	8.125	9.585	8.125		7.285	6.015	7.585	8.815	8.965	8.715	8.925	10.225	9.955	9.355	10.015	8.485	10.975	9.945						8.507
			7.295		8.595	9.465	9.075		6.705	9.055	6.205	7.415	7.355	7.995	7.675		8.815	9.505	8.185	9.605	8.225		7.295	6.055	7.485	8.945	9.065	8.745	8.965	10.285	10.005	9.385	10.025	8.425	11.025	10.035						8.52
			7.485		8.715	9.535	9.165	7.175	6.815	9.115	6.515	7.375	7.365	8.025	7.645		8.855	9.535	8.275	9.605	8.345		7.315	6.085	7.425	9.125	9.145	8.795	9.035	10.315	10.065	9.475	10.015	8.425	11.095	10.175						8.517
			7.695		8.775	9.605	9.205	7.215	6.925	9.145	6.725	7.395	7.375	8.045	7.565		8.895	9.595	8.375	9.605	8.425		7.325	6.105	7.335	9.225	9.215	8.875	9.085	10.375	10.145	9.585	10.005	8.425	11.195	10.265						8.553
			7.865		8.865	9.665	9.225	7.335	7.185	9.185	6.965	7.485	7.415	8.335	7.495		8.965	9.635	8.505	9.605	8.475		7.345	6.105	7.225	9.305	9.285	8.905	9.125	10.435	10.185	9.685	9.975		11.285	10.345						8.598
		9.995	8.065	6.845	8.975	9.735	9.225	7.475	7.435	9.225	7.345	7.635	7.515	8.455	7.455		9.025	9.695	8.635	9.615	8.515		7.355	6.135	7.125	9.365	9.335	8.915	9.165	10.495	10.225	9.725	9.985	8.495	11.375	10.405						8.625
			8.245	6.895	9.075	9.795	9.245	7.625	7.525	9.265	7.475	7.685	7.585	8.585	7.475		9.065	9.755	8.735	9.655	8.525		7.365	6.165	7.125	9.435	9.395	8.935	9.195	10.535	10.295	9.775	9.995	8.555	11.475	10.495						8.642
			8.415	6.935	9.155	9.835	9.245	7.785	7.525	9.305	7.575	7.755	7.635	8.705	7.515		9.105	9.795	8.805	9.675	8.515		7.385	6.215	7.125	9.485	9.385	8.965	9.235	10.585	10.345	9.875	10.045	8.625	11.565	10.605						8.629
			8.535	6.965	9.225	9.895	9.245	7.935	7.535	9.335	7.675	7.765	7.675	8.825	7.595		9.155	9.835	8.875	9.735	8.435		7.405	6.265	7.145	9.545	9.345	8.975	9.285	10.635	10.465	9.975	10.105	8.715	11.675	10.575						
			8.635	6.965	9.305	9.925	9.245	8.015	7.575	9.365	7.795	7.785	7.705	8.925	7.695		9.205	9.875	8.925	9.745	8.395		7.415	6.315	7.175	9.595	9.345	9.025	9.335	10.685	10.565	10.055	10.125	8.805	11.785	10.705						8.599
			8.735	6.965	9.385	9.985	9.275	8.165	7.605	9.375	7.765	7.815	7.795	9.015	7.785		9.255	9.915	8.975	9.745	8.355		7.425	6.355	7.325	9.635	9.315	9.095	9.385	10.745	10.615	10.125	10.175	8.875	11.915	10.755						8.585
			8.775	6.975	9.455	10.065	9.315	8.235	7.615	9.385	7.975	7.935	7.875	9.075	7.895		9.305	9.945	9.025	9.775	8.305		7.435	6.395	7.475	9.645	9.295	9.145	9.455	10.785	10.565	10.165	10.215	8.965	12.065	10.815						
			8.805	6.985	9.525	10.125	9.355	8.285	7.625	9.395	8.035	8.045	7.955	9.155	8.035		9.355	9.965	9.065	9.805	8.255		7.445	6.435	7.615	9.635	9.285	9.175	9.545	10.845	10.625	10.225	10.265	9.085	12.195	10.915						
			8.845	7.015	9.585	10.155	9.395	8.325	7.645	9.405	8.115	8.105	8.035	9.215	8.155		9.395	9.975	9.095	9.815	8.205		7.465	6.475	7.785	9.595	9.285	9.235	9.585	10.895	10.655	10.305	10.265	9.155	12.375	10.985						
			8.865	7.075	9.645	10.205	9.435	8.345	7.635	9.415	8.195	8.195	8.115	9.285	8.255		9.455	9.995	9.135	9.855	8.185		7.505	6.555	7.975	9.545	9.285	9.285	9.685	10.945	10.705	10.345	10.275	9.225	12.505	11.065						
			8.875	7.115	9.695	10.265	9.465	8.355	7.655	9.445	8.275	8.235	8.215	9.345	8.275		9.535	10.015	9.195	9.905	8.185		7.525	6.595	8.165	9.515	9.285	9.335	9.735	10.995	10.785	10.365	10.295	9.305	12.645	11.165						
			8.905	7.155	9.765	10.295	9.465	8.365	7.735	9.485	8.345	8.245	8.335	9.405	8.285		9.575	10.035	9.225	9.955	8.205		7.545	6.635	8.345	9.475	9.305	9.365	9.755	11.045	10.795	10.405	10.305	9.355	12.795	11.225						
			8.925	7.195	9.845	10.335	9.465	8.385	7.855	9.515	8.425	8.245	8.465	9.455	8.285		9.645		9.255	9.995	8.235	6.255	7.575	6.675	8.485	9.415	9.355	9.375	9.775	11.075	10.875	10.415	10.315	9.375	12.935	11.295						8.808333333
			8.905	7.285	9.915	10.395	9.505	8.425	7.935	9.535	8.505	8.245	8.555	9.495	8.285		9.725	10.075	9.265	10.035	8.305	6.295	7.615	6.715	8.575	9.345	9.425	9.385	9.805	11.115	10.915	10.435	10.335	9.465	13.035	11.345						8.885
			8.905	7.275	10.005	10.445	9.535	8.485	8.035	9.575	8.495	8.265	8.575	9.535	8.285		9.775	10.085	9.275	10.075	8.325	6.335	7.635	6.735	8.595	9.235	9.475	9.405	9.815	11.155	10.995	10.455	10.365	9.515	13.135	11.405						8.947
			8.895	7.305	10.115	10.505	9.565	8.535	8.065	9.605	8.435	8.285	8.605	9.555	8.315		9.825	10.115	9.315	10.095	8.365	6.375	7.655	6.775	8.605	9.165	9.485	9.405	9.835	11.195	10.975	10.435	10.375	9.575	13.215	11.455						9.038333333
		9.945	8.885	7.365	10.205	10.565	9.565	8.595	8.185	9.605	8.425	8.295	8.645	9.565	8.375		9.895	10.135	9.345	10.135	8.375	6.395	7.675	6.815	8.615	9.075	9.505	9.435	9.905	11.255	11.015	10.425	10.395	9.615	13.245	11.485						9.117
		9.975	8.875	7.425	10.265	10.605	9.575	8.665	8.325	9.595	8.445	8.305	8.685	9.585	8.465		9.955	10.155	9.395	10.195	8.385	6.425	7.695	6.855	8.665	9.025	9.525	9.475	10.055	11.305	11.055	10.435	10.415	9.645	13.275	11.535						9.18
		9.965	8.885	7.475	10.315	10.655	9.575	8.765	8.375	9.575	8.485	8.335	8.695	9.615	8.545		10.005	10.175	9.435	10.235	8.385	6.445	7.725	6.895	8.715	8.965	9.535	9.515	10.125	11.335	11.125	10.455	10.425	9.665	13.275	11.595						9.233333333
		9.945	8.915	7.525	10.375	10.705	9.575	8.845	8.405	9.545	8.525	8.325	8.705	9.605	8.625		10.035	10.195	9.505	10.275	8.375	6.495	7.755	6.935	8.745	8.945	9.545	9.555	10.205	11.375	11.165	10.495	10.445	9.655	13.265	11.665						9.297
		9.925	8.985	7.595	10.445	10.755	9.575	8.905	8.475	9.515	8.585	8.305	8.715	9.625	8.705		10.075	10.235	9.545	10.315	8.355	6.495	7.795	6.975	8.755	8.985	9.585	9.595	10.255	11.425	11.215	10.545	10.475	9.705	13.245	11.725						9.327857143
		9.915	9.095	7.665	10.505	10.825	9.575	8.965	8.465	9.495	8.625	8.305	8.715	9.605	8.815		10.115	10.255	9.565	10.335	8.315	6.475	7.805	7.025	8.775	9.085	9.625	9.655	10.315	11.465	11.275	10.565	10.485	9.725	13.235	11.775						9.449285714
		9.885	9.175	7.725	10.595	10.895	9.575	9.015	8.455	9.475	8.655	8.345	8.735	9.605	8.925		10.155	10.285	9.585	10.375	8.275	6.465	7.825	7.095	8.795	9.175	9.655	9.705	10.365	11.525	11.315	10.595	10.475	9.755	13.245	11.805						9.515
		9.835	9.245	7.745	10.665	10.935	9.585	9.075	8.445	9.455	8.685	8.365	8.765	9.575	9.005		10.195	10.295	9.605	10.415	8.195	6.445	7.855	7.135	8.825	9.215	9.665	9.805	10.435	11.585	11.345	10.645	10.465	9.775	13.245	11.825						9.575
		9.815	9.305	7.745	10.735	10.985	9.585	9.145	8.445	9.445	8.765	8.355	8.795	9.585	9.085		10.235	10.315	9.655	10.455	8.165	6.415	7.875	7.175	8.855	9.265	9.665	9.865	10.475	11.585	11.385	10.675	10.465	9.795	13.255	11.845						9.618333333
		9.815	9.345	7.745	10.825	11.035	9.575	9.215	8.445	9.465	8.915	8.365	8.845	9.625	9.135		10.275	10.345	9.635	10.515	8.145	6.395	7.905	7.215	8.855	9.375	9.635	9.965	10.515	11.625	11.435	10.715	10.455	9.835	13.285	11.845						9.660714286
		9.795	9.385	7.785	10.895	11.075	9.585	9.275	8.425	9.505	9.025	8.325	8.915	9.655	9.175		10.295	10.375	9.585	10.575	8.145	6.415	7.935	7.255	8.885	9.405	9.635	10.005	10.575	11.655	11.455	10.785	10.425	9.895	13.295	11.845						9.705
		9.775	9.405	7.765	10.965	11.125	9.585	9.325	8.405	9.555	9.145	8.275	9.015	9.685	9.215		10.335	10.395	9.595	10.615	8.215	6.435	7.955	7.275	8.895	9.425	9.675	10.055	10.605	11.675	11.525	10.855	10.425	9.945	13.345	11.845						9.745
		9.765	9.425	7.815	11.045	11.185		9.395	8.385	9.615	9.245	8.255	9.075	9.705	9.255		10.365	10.405	9.615	10.655	8.255	6.475	7.995	7.315	8.915	9.465	9.665	10.125	10.635	11.715	11.585	10.885	10.405	9.995	13.375	11.835						9.791
		9.785	9.475	7.865	11.115	11.255		9.445	8.325	9.655	9.335	8.225	9.085	9.725	9.295		10.395	10.425	9.655	10.715	8.285	6.515	8.005	7.365	8.975	9.525	9.655	10.175	10.645	11.755	11.635	10.915	10.375	9.995	13.395	11.825						9.835
		9.825	9.505	7.955	11.185	11.305		9.485	8.295	9.705	9.395	8.265	9.145		9.275		10.435	10.455	9.695	10.755	8.355	6.555	8.035	7.415	9.035	9.575	9.625	10.215	10.655	11.785	11.685	10.955	10.335		13.415	11.805						9.873
9.635		9.855	9.535	8.015	11.245	11.345	9.695	9.535	8.205	9.735	9.415	8.285	9.175	9.745	9.245	8.415	10.475	10.485	9.735	10.795	8.425	6.595	8.075	7.455	9.075	9.645	9.625	10.275	10.695	11.815	11.735	10.995	10.305	10.125	13.505	11.765						9.903
9.625		9.895	9.575	8.055	11.335	11.385	9.745	9.565	8.295	9.765	9.425	8.315	8.695	9.735	9.235	8.445	10.495	10.515	9.795	10.835	8.445	6.635	8.095	7.495	9.145	9.685	9.655	10.315	10.715	11.855	11.775	11.015	10.265	10.195	13.565	11.715						9.921
9.635		9.945	9.615	8.095	11.395	11.425	9.775	9.705	8.335	9.785	9.405	8.355	9.245	9.715	9.235	8.465	10.515	10.535	9.855	10.855	8.475	6.675	8.115	7.535	9.215	9.755	9.675	10.335	10.725	11.895	11.815	11.065	10.215	10.195	13.595	11.685						9.973
9.635		9.985	9.655	8.135	11.455	11.465	9.815	9.775	8.385	9.805	9.375	8.385	9.255	9.685	9.215	8.485	10.525	10.555	9.895	10.895	8.515	6.735	8.125	7.565	9.285	9.845	9.735	10.355	10.755	11.935	11.845	11.115	10.135	10.235	13.595	11.625						10.011
9.605		10.035	9.695	8.175	11.525	11.505	9.875	9.805	8.495	9.855	9.355	8.405	9.235	9.655	9.175	8.505	10.525	10.575	9.925	10.935	8.545	6.775	8.135	7.605	9.335	9.935	9.755	10.385	10.795	12.075	11.875	11.155	10.095	10.275	13.585	11.565						10.04666667
9.615		10.075	9.755	8.215	11.605	11.545	9.915	9.865	8.635	9.905	9.325	8.445	9.255	9.625	9.145	8.535	10.525	10.595	9.995	10.975	8.575	6.805	8.145	7.635	9.375	10.025	9.815	10.445	10.805	12.085	11.905	11.195	10.045	10.305	13.585	11.495						10.07666667
9.625		10.105	9.825	8.255	11.675	11.595	9.945	9.955	8.755	9.975	9.295	8.445	9.225	9.605	9.145	8.555	10.525	10.625	10.055	11.005	8.625	6.825	8.155	7.675	9.415	10.085	9.865	10.455	10.805	12.155	11.885	11.235	9.975	10.345	13.575	11.385						10.10833333
9.625		10.145	9.895	8.295	11.785	11.645	9.955	10.035	8.805	10.015	9.265	8.425	9.225	9.565	9.105	8.575	10.525	10.675	10.075	11.035	8.705	6.855	8.165	7.735	9.455	10.135	9.925	10.475	10.835	12.185	11.875	11.285	9.975	10.385	13.575	11.275						10.13
9.595		10.145	9.955	8.335	11.885	11.685	9.995	10.105	8.835	10.035	9.245	8.405	9.225	9.525	9.105	8.615	10.525	10.705	10.115	11.075	8.755	6.895	8.185	7.775	9.465	10.205	9.945	10.535	10.875	12.225	11.945	11.345	10.035	10.405	13.575	11.135						10.14214286
9.565		10.145	10.025	8.365	11.995	11.745	10.025	10.175	8.905	10.055	9.245	8.385	9.245	9.455	9.095	8.655	10.535	10.725	10.155	11.115	8.815	6.925	8.185	7.835	9.485	10.275	9.965	10.585	10.895	12.245	12.055	11.415	10.075	10.435	13.575	11.025						10.17333333
9.575		10.175	10.095	8.365	12.035	11.785	10.065	10.215	8.955	10.085	9.255	8.355	9.255	9.415	9.095	8.615	10.535	10.725	10.195	11.135	8.915	6.945	8.175	7.875	9.485	10.335	9.965	10.615	10.935	12.295	12.105	11.445	10.075	10.475	13.575	10.945						10.185
9.605		10.215	10.135	8.395	12.125	11.835	10.085	10.255	8.985	10.105	9.265	8.325	9.255	9.375	9.055	8.575	10.525	10.745	10.235	11.155	8.985	6.975	8.165	7.915	9.475	10.385	9.985	10.625	10.965	12.305	12.145	11.485	10.085	10.525	13.565	10.835						10.215
9.625		10.235	10.185	8.435	12.195	11.875	10.085	10.295	8.955	10.125	9.255	8.315	9.265	9.365	9.015	8.535	10.515	10.745	10.255	11.195	9.055	7.015	8.185	7.955	9.475	10.425	10.005	10.635	10.965	12.335	12.185	11.515	10.125	10.585	13.555	10.745						10.229
9.645		10.265	10.225	8.475	12.315	11.915	10.085	10.335	8.945	10.145	9.235	8.375	9.285	9.365	8.955	8.485	10.505	10.745	10.275	11.235	9.095	7.055	8.215	7.975	9.465	10.465	10.025	10.635	10.985	12.365	12.235	11.555	10.195	10.595	13.535	10.645						10.23166667
9.695		10.285	10.255	8.515	12.425	11.955	10.105	10.375	8.945	10.165	9.215	8.455	9.305	9.365	8.895	8.435	10.505	10.755	10.305	11.255	9.165	7.075	8.235	8.015	9.465	10.515	10.045	10.605	11.015	12.375	12.315	11.605	10.215	10.615	13.515	10.565						10.227
9.735		10.305	10.315	8.615	12.525	11.995	10.115	10.405	8.905	10.165	9.185	8.495	9.295	9.365	8.825	8.375	10.495	10.775	10.325	11.275	9.225	7.095	8.235	8.055	9.455	10.565	10.075	10.575	11.035	12.385	12.385	11.665	10.265	10.655	13.485	10.455						10.16
9.765		10.305	10.345	8.685	12.625	12.025	10.125	10.455	8.875	10.165	9.155	8.535	9.275	9.375	8.775	8.275	10.475	10.785	10.375	11.315	9.295	7.115	8.235	8.095	9.465	10.655	10.105	10.535	11.045	12.415	12.445	11.715	10.305	10.685	13.455	10.375						10.225
9.765		10.305	10.375	8.685	12.675	12.065	10.145	10.485	8.835	10.155	9.135	8.635	9.245	9.395	8.735	8.175	10.445	10.785	10.415	11.345	9.325	7.135	8.235	8.115	9.455	10.685	10.245	10.495	11.075	12.435	12.485	11.735	10.315	10.735	13.435	10.305						10.209
9.765		10.305	10.395	8.715	12.735	12.095	10.115	10.525	8.755	10.125	9.095	8.715	9.225	9.425	8.725	8.135	10.445	10.785	10.445	11.375	9.325	7.145	8.245	8.155	9.415	10.715	10.295	10.455	11.105	12.445	12.525	11.785	10.345	10.775	13.415	10.225						10.225
9.765		10.325	10.435	8.715	12.795	12.115	10.075	10.555	8.645	10.095	9.055	8.755	9.225	9.445	8.775	8.105	10.435	10.785	10.465	11.395	9.335	7.145	8.265	8.175	9.385	10.755	10.335	10.435	11.105	12.475	12.585	11.815	10.355	10.825	13.405	10.165						10.235
9.745		10.345	10.445	8.715	12.835	12.135	10.015	10.575	8.555	10.065	8.995	8.815	9.215	9.455	8.795	8.105	10.395	10.775	10.495	11.435	9.355	7.145	8.275	8.195	9.375	10.795	10.375	10.405	11.105	12.525	12.625	11.855	10.385	10.865	13.335	10.125						10.2075
9.725		10.345	10.465	8.735	12.875	12.145	9.975	10.595	8.435	10.035	8.945	8.855	9.215	9.445	8.775	8.115	10.365	10.785	10.535	11.455	9.365	7.145	8.285	8.215	9.385	10.805	10.435	10.375	11.095	12.545	12.655	11.875	10.415	10.865	13.275	10.015						10.2175
9.705		10.365	10.405	8.765	12.955	12.155	9.915	10.615	8.295	9.995	8.905	8.905	9.215	9.425	8.755	8.155	10.355	10.785	10.555	11.475	9.365	7.145	8.305	8.255	9.365	10.825	10.475	10.345	11.085	12.555	12.695	11.915	10.415	10.875	13.195	9.955						10.22
9.675		10.365	10.435	8.815	12.995	12.155	9.875	10.625	8.045	9.975	8.875	9.115	9.225	9.405	8.745	8.195	10.325	10.785	10.585	11.505	9.365	7.145	8.325	8.295	9.325	10.825	10.505	10.315	11.075	12.575	12.715	11.935	10.435	10.985	13.155	9.905						10.21333333
9.635		10.365	10.445	8.835	13.035	12.155	9.825	10.625	8.025	9.945	8.805	9.175	9.245	9.385	8.695	8.205	10.295	10.755	10.595	11.525	9.365	7.145	8.345	8.335	9.275	10.825	10.525	10.265	11.075	12.595	12.745	11.965	10.465	11.055	13.055	9.865						10.203
9.585		10.365	10.475	8.875	12.985	12.135	9.745	10.645	7.935	9.925	8.745	9.255	9.255	9.365	8.665	8.165	10.285	10.735	10.585	11.545	9.345	7.145	8.375	8.355	9.235	10.805	10.545	10.195	11.065	12.605	12.755	11.995	10.485	11.135	13.015	9.825						10.18
9.545		10.345	10.515	8.915	12.975	12.105	9.705	10.655	7.865	9.925	8.675	9.285	9.225	9.355	8.665	8.095	10.275	10.715	10.635	11.575	9.325	7.145	8.415	8.375	9.185	10.775	10.565	10.125	11.055	12.615	12.815	11.985	10.485	11.195	12.955	9.765						10.14357143
9.545		10.345	10.525	8.855	12.955	12.085	9.545	10.665	7.775	9.935	8.635	9.335	9.225	9.335	8.665	7.975	10.255	10.675	10.595	11.605	9.305	7.145	8.445	8.395	9.085	10.755	10.585	10.045	11.055	12.625	12.805	11.995	10.485	11.195	12.895	9.695						10.14166667
9.545		10.315	10.495	8.695	13.005	12.045	9.455	10.675	7.705	9.935	8.595	9.395	9.225	9.285	8.665	7.905	10.235	10.625	10.605	11.615	9.305	7.145	8.465	8.415	8.965	10.735	10.605	9.965	11.025	12.655	12.805	12.015	10.485	11.235	12.835	9.615						10.125
9.515		10.285	10.485	8.615	13.005	12.005	9.375	10.695	7.655	9.925	8.545	9.535	9.225	9.255	8.675	7.875	10.205	10.595	10.595	11.655	9.305	7.145	8.485	8.435	8.855	10.705	10.605	9.865	11.035	12.645	12.845	12.035	10.475	11.255	12.775	9.545						10.115
9.505		10.255	10.485	8.525	13.015	11.945		10.715	7.675	9.925	8.295	9.565	9.225	9.205	8.715	7.835	10.185	10.575	10.585	11.695	9.285	7.155	8.495	8.475	8.755	10.675	10.595	9.775	11.025	12.635	12.845	12.035	10.465	11.295	12.725	9.465						10.08333333
9.495		10.215	10.505	8.415	13.005	11.895		10.735	7.655	9.925	8.175	9.635	9.225	9.155	8.755	7.775	10.155	10.555	10.575	11.735	9.265	7.145	8.505	8.495	8.665	10.635	10.575	9.735	11.015	12.615	12.815	12.045	10.445	11.325	12.685	9.375						10.059
9.455		10.175	10.485	8.355	13.005	11.825		10.745	7.575	9.945	8.105	9.675	9.215	9.095	8.755	7.725	10.145	10.555	10.585	11.775	9.245	7.125	8.505	8.515	8.635	10.595	10.565	9.685	11.005	12.595	12.795	12.055	10.465	11.375	12.685	9.285						10.01125
9.425		10.145	10.485	8.315	13.005	11.765		10.745	7.505	9.965	8.075	9.715	9.215	9.045	8.735	7.585	10.145	10.555	10.595	11.795	9.225	7.125	8.515	8.535	8.675	10.545	10.545	9.615	10.985	12.555	12.765	12.065	10.435	11.415	12.655	9.205						9.979
9.405		10.125	10.485	8.275	12.985	11.685		10.765	7.385	9.985	8.015	9.755	9.195	8.985	8.705	7.495	10.175	10.545	10.575	11.815	9.205	7.135	8.535	8.545	8.625	10.465	10.545	9.565	10.965	12.535	12.725	12.085	10.405	11.455	12.625	9.145						9.979
9.385		10.095	10.435	8.235	12.955	11.595		10.785	7.235	9.975	7.975	9.795	9.165	8.945	8.725	7.455	10.185	10.535	10.605	11.855	9.175	7.155	8.545	8.545	8.555	10.415	10.525	9.525	10.945	12.495	12.695	12.105	10.395	11.475	12.595	9.075						9.93
9.355		10.065	10.415	8.165	12.905	11.615		10.815	7.155	9.965	8.015	9.835	9.125	8.915	8.735	7.435	10.185	10.535	10.635	11.885	9.075	7.175	8.555	8.545	8.495	10.355	10.485	9.505	10.915	12.465	12.655	12.125	10.385	11.515	12.595	9.025						9.921666667
9.315		10.015	10.355	8.155	12.855	11.425		10.855	7.085	9.955	8.035	9.875	9.085	8.875	8.755	7.445	10.185	10.555	10.645	11.915	9.015	7.195	8.585	8.565	8.435	10.315	10.465	9.475	10.895	12.435	12.605	12.135	10.375	11.535	12.575	9.015						9.888333333
9.265		10.005	10.295	8.085	12.825	11.345		10.875	6.905	9.935	8.045	9.915	9.105	8.845	8.805	7.465	10.155	10.555	10.645	11.955	8.955	7.205	8.625	8.545	8.405	10.275	10.465	9.435	10.885	12.385	12.575	12.175	10.355	11.565	12.535	9.015						9.85
9.185		9.955	10.205	8.015	12.805	11.265		10.885	6.765	9.915	8.045	9.955	9.145	8.825	8.875	7.545	10.115	10.555	10.645	11.985	8.915	7.215	8.665	8.545	8.415	10.235	10.465	9.395	10.865	12.315	12.515	12.175	10.325	11.605	12.495	8.995						9.8075
9.085		9.915	10.145	7.995	12.805	11.185		10.915	6.745	9.895	7.985	9.965	9.125	8.805	8.885	7.625	10.075	10.545	10.635	12.015	8.875	7.245	8.675	8.525	8.445	10.195	10.485	9.365	10.845	12.255	12.465	12.195	10.325	11.655	12.445	8.935						9.75
8.985		9.885	10.095	7.855	12.775	11.095		10.925	6.755	9.865	7.955	9.985	9.125	8.825	8.885	7.695	10.035	10.535	10.625		8.835	7.265	8.685	8.505	8.475	10.135	10.495	9.405	10.815	12.185	12.385	12.205	10.295	11.675	12.405	8.865						9.69
8.905		9.835	10.055	7.815	12.745	11.025		10.955	6.855	9.835	7.985	9.975	9.105	8.865	8.865	7.755	10.015	10.485	10.615		8.895	7.285	8.705	8.485	8.545	10.075	10.525	9.415	10.805	12.115	12.325	12.225	10.265	11.715	12.365	8.795						9.65
8.835		9.825	10.015	7.775	12.695	10.935		10.995	6.905	9.795	8.035	10.015	9.085	8.885	8.865	7.805	9.995	10.405	10.595		8.915	7.305	8.725	8.465	8.615	9.985	10.525	9.455	10.775	12.035	12.265	12.245	10.235	11.755	12.345	8.745						9.6125
8.815		9.825	9.995	7.635	12.655	10.865		11.025	6.875	9.755	8.005	10.085	9.055	8.905	8.865	7.915	9.975	10.345	10.575		8.875	7.325	8.735	8.445	8.635	9.895	10.525	9.485	10.785	11.985	12.175	12.285	10.185	11.785	12.305	8.725						9.55375
8.805		9.825	9.975	7.595	12.615	10.805		11.045	6.845	9.685	7.945	10.175	9.025	8.945	8.825	8.025	9.935	10.285	10.535		8.845	7.345	8.745	8.415	8.645	9.815	10.525	9.505	10.785	11.915	12.095	12.295	10.115	11.815	12.265	8.715						9.51125
8.775		9.835	9.935	7.555	12.575	10.735		11.075	6.835	9.655	7.915	10.185	8.875	8.965	8.775	8.135	9.875	10.235	10.515		8.825	7.345	8.745	8.365	8.635	9.705	10.525	9.525	10.755	11.815	12.015	12.315	10.055	11.865	12.215	8.715						9.459285714
8.745		9.895	9.905	7.545	12.555	10.655		11.095	6.855	9.615	7.905	10.205	8.815	8.985	8.735	8.225	9.815	10.195	10.515		8.805	7.345	8.745	8.305	8.615	9.605	10.505	9.595	10.745	11.725	11.915	12.345	10.015	11.915	12.165	8.705						9.396428571
8.715		9.895	9.925	7.545	12.515	10.565		11.105	6.915	9.545	7.965	10.215	8.725	9.025	8.695	8.295	9.775	10.145	10.515		8.785	7.345	8.745	8.245	8.595	9.525	10.485	9.635	10.725	11.695	11.835	12.355	9.975	11.955	12.135	8.675						9.365
8.675		9.865	9.915	7.545	12.475	10.485		11.155	7.085	9.505	8.035	10.215	8.625	9.065	8.675	8.305	9.755	10.095	10.515		8.725	7.345	8.745	8.225	8.555	9.435	10.455	9.665	10.735	11.605	11.765	12.385	9.865	11.995	12.105	8.625						9.3325
8.635		9.875	9.895	7.545	12.455	10.405		11.175	7.305	9.475	8.015	10.225	8.585	9.075	8.655	8.275	9.735	10.035	10.505		8.625	7.345	8.715	8.185	8.525	9.385	10.435	9.665	10.745	11.535	11.715	12.395	9.785	12.035	12.075	8.645						
8.565		9.845	9.885	7.445	12.445	10.315		11.195	7.385	9.425	8.035	10.225	8.565	9.095	8.595	8.205	9.695	9.995	10.505		8.565	7.345	8.695	8.165	8.525	9.365	10.375	9.645	10.755	11.465	11.675	12.405	9.735	12.055	12.035	8.635						
8.515		9.825	9.865	7.435	12.405	10.225		11.205	7.475	9.365	8.045	10.215	8.595	9.105	8.575	8.125	9.655	9.955	10.495		8.465	7.345	8.675	8.145	8.545	9.385	10.305	9.645	10.725	11.385	11.635	12.425	9.705	12.095	12.005	8.605	8.315					9.13
8.485		9.795	9.835	7.465	12.355	10.135		11.215	7.565	9.285	8.255	10.215	8.665	9.095	8.535	8.075	9.595	9.885	10.535		8.375	7.345	8.655	8.125	8.565	9.355	10.205	9.665	10.715	11.275	11.595	12.435	9.705	12.135	11.985	8.535	8.275					9.060555556
8.465		9.765	9.795	7.505	12.335	9.985		11.225	7.605	9.225	8.285	10.185	8.735	9.065	8.475	8.545	9.535	9.835	10.575		8.275	7.345	8.665	8.105	8.615	9.325	10.105	9.735	10.675	11.185	11.565	12.435	9.665	12.175	11.945	8.475	8.225					8.990555556
8.475		9.765	9.755	7.535	12.295	9.825		11.225	7.605	9.145	8.305	10.145	8.775	9.045	8.395	7.965	9.495	9.775	10.615		8.165	7.355	8.595	8.075	8.665	9.325	10.005	9.745	10.625	11.125	11.545	12.445	9.635	12.215	11.915	8.395	8.175					8.918846154
8.505		9.745	9.705	7.635	12.255	9.725		11.235	7.595	9.045	8.325	10.135	8.825	9.025	8.295	7.915	9.455	9.685	10.735		8.075	7.365	8.555	8.035	8.685	9.265	9.985	9.745	10.575	10.555	11.525	12.455	9.575	12.255	11.895	8.325	8.085					8.854333333
8.535		9.705	9.655	7.865	12.205	9.675		11.245	7.615	8.955	8.345	10.115	8.875	9.005	8.215	7.885	9.435	9.605	10.755		7.965	7.365	8.515	8.025	8.705	9.215	9.995	9.765	10.515	11.025	11.505	12.485	9.515	12.295	11.835	8.225	8.025					8.832333333
8.525		9.635	9.575	7.955	12.155	9.625		11.245	7.675	8.835	8.385	10.095	8.925	8.995	8.115	7.965	9.415	9.535	10.785		7.875	7.365	8.475	8.025	8.725	9.185	10.025	9.745	10.455	10.965	11.475	12.485	9.425	12.345	11.815	8.135	7.945					8.828125
8.485		9.575	9.465	8.015	12.095	9.575		11.255	7.725	8.765	8.445	10.145	8.975	8.925	8.015	8.045	9.385	9.465	10.795		7.825	7.355	8.435	8.025	8.715	9.135	10.015	9.765	10.395	10.925	11.435	12.505	9.385	12.395	11.915	8.035	7.885					8.83375
8.425		9.525	9.375	8.055	12.005	9.535		11.255	7.755	8.705	8.495	10.155	8.995	8.825	7.985	8.095	9.335	9.375	10.815		7.825	7.345	8.395	8.025	8.705	9.065	9.995	9.795	10.315	10.905	11.445	12.525	9.355	12.465	11.915	8.045	7.795					8.842333333
8.345	7.705	9.425	9.345	8.125	11.945	9.505		11.265	7.795	8.645	8.695		8.985	8.745	8.105		9.295	9.315	10.855	12.585	7.845	7.335	8.355	8.025	8.715	8.985	9.965	9.785	10.225	10.865	11.425	12.535	9.265	12.515	11.885	8.025	7.725					8.855
8.265	7.705	9.345	9.295	8.205	11.875	9.475		11.255	7.825	8.565	8.765		8.965	8.675	8.185		9.255	9.265	10.895	12.565	7.845	7.315	8.315	8.025	8.685	8.915	9.965	9.785	10.135	10.785	11.395	12.545	9.235	12.555	11.855	8.085	7.695					
8.205	7.715	9.265	9.245	8.205	11.775	9.435		11.245	7.805	8.455	8.885		8.965	8.635	8.305		9.215	9.215	10.935	12.545	7.865	7.295	8.295	8.025	8.695	8.855	9.965	9.785	10.085	10.715	11.355	12.545	9.175	12.605	11.845	8.125	7.665					
8.135	7.775	9.215	9.215	8.205	11.665	9.385		11.245	7.795	8.335	9.025		8.995	8.575	8.405		9.135	9.165	10.965	12.525	7.905	7.275	8.265	8.025	8.715	8.785	10.015	9.745	10.025	10.645	11.305	12.545	9.075	12.655	11.835	8.195	7.655					
8.075	7.845	9.135	9.155	8.165	11.555	9.335		11.245	7.795	8.195	9.165		8.995	8.515	8.485		9.085	9.115	11.015	12.505	7.885	7.255	8.245	8.025	8.695	8.715	10.035	9.735	10.015	10.575	11.255	12.565	8.995	12.695	11.805	8.205	7.665					
8.025	7.865	9.085	9.115	8.115	11.445	9.325		11.225	7.795	8.085	9.175		8.975	8.435	8.535		9.015	9.095	11.055	12.465	7.885	7.245	8.215	8.005	8.675	8.665	10.085	9.725	10.015	10.515	11.215	12.565	8.935	12.755	11.785	8.245	7.645					
7.955	7.895	9.025	9.065	8.085	11.345	9.335		11.215	7.795	8.015	9.425		8.935	8.395	8.595		8.935	9.075	11.085	12.425	7.875	7.225	8.175	8.015	8.675	8.625	10.125	9.765	9.985	10.475	11.185	12.545	8.905	12.805	11.755	8.285	7.635					
7.895	7.925	8.975	9.045	8.115	11.245	9.325		11.205	7.815	7.955	9.505		8.835	8.335	8.635		8.785	9.105	11.105	12.405	7.845	7.205	8.135	8.035	8.655	8.565	10.155	9.785	9.935	10.375	11.155	12.555	8.915	12.905	11.735	8.295	7.645					
7.855	7.985	8.935	8.985	8.145	11.165	9.315		11.175	7.875	7.885	9.585	10.425	8.795	8.275	8.675		8.645	9.155	11.135	12.395	7.825	7.185	8.095	8.035	8.615	8.395	10.165	9.815	9.905	10.335	11.145	12.545	8.985	12.985	11.715	8.335	7.575					
7.805		8.905	8.925	8.165	11.065	9.275		11.145	7.955	7.825	9.625	10.445	8.755	8.145	8.685		8.555	9.205	11.185	12.375	7.805	7.155	8.045	8.025	8.565	8.245	10.155	9.775	9.855	10.315	11.145	12.525	9.055	13.055	11.705	8.345	7.555					
7.745	8.185	8.905	8.795	8.185	10.925	9.245		11.105	8.045	7.765	9.595	10.515	8.735	8.165	8.685		8.425	9.225	11.195	12.355	7.775	7.135	8.015	8.005	8.485	8.245	10.145	9.755	9.825	10.275	11.165	12.515	9.075	13.125	11.665	8.355	7.545					8.774
7.665	8.305	8.925	8.655	8.185	10.855	9.225		11.075	8.195	7.675	9.505	10.555	8.745	8.215	8.685		8.355	9.225	11.255	12.335	7.755	7.115	8.005	8.005	8.375	8.285	10.115	9.705	9.825	10.245	11.155	12.495	9.145	13.185	11.675	8.355	7.585					8.733333333
7.545	8.375	8.925	8.535	8.205	10.795	9.165		11.045	8.295	7.585	9.515	10.565	8.735	8.215	8.685		8.415	9.235	11.295	12.305	7.725	7.095	7.955	8.005	8.265	8.225	10.075	9.655	9.865	10.205	11.165	12.465	9.165	13.245	11.645	8.345	7.605					8.68
7.485	8.395	8.925	8.425	8.205	10.745	9.125		11.015	8.345	7.535	9.635	10.605	8.695	8.185	8.685		8.535	9.275	11.335	12.285	7.625	7.075	7.925	8.005	8.115	8.205	10.025	9.625	9.845	10.125	11.195	12.445	9.085	13.295	11.615	8.325	7.705					8.6275
7.445	8.455	8.915	8.315	8.205	10.705	9.045		10.985	8.405	7.495	9.645	10.635	8.685	8.175	8.665		8.595	9.305	11.375	12.265	7.555	7.055	7.895	8.005	7.985	8.165	9.965	9.545	9.805	10.035	11.205	12.445	9.145	13.345	11.595	8.405	7.855					8.610416667
7.405	8.495	8.895	8.245	8.205	10.655	8.935		10.965	8.415	7.485	9.665	10.665	8.675	8.245	8.625		8.605	9.335	11.415	12.245	7.515	7.025	7.885	7.965	7.845	8.095	9.915	9.465	9.825	9.985	11.225	12.445	9.175	13.395	11.575	8.465	8.035					8.57875
7.325	8.505	8.865	8.265	8.205	10.615	8.855		10.925	8.425	7.475	9.645	10.715	8.685	8.315	8.565		8.625	9.355	11.445	12.215	7.495	7.005	7.885	7.915	7.775	8.045	9.835	9.385	9.835	9.955	11.235	12.435	9.215	13.435	11.525	8.545	8.165					8.562916667
7.295	8.505	8.815	8.335	8.205	10.575	8.765		10.895	8.415	7.475	9.635	10.745	8.685	8.325	8.495		8.665	9.365	11.515	12.175	7.485	7.005	7.875	7.875	7.685	7.955	9.805	9.315	9.865	9.935	11.235	12.415	9.245	13.445	11.485	8.625	8.235					8.54
7.285	8.505	8.765	8.395	8.205	10.555	8.675		10.865	8.415	7.445	9.625	10.755	8.665	8.325	8.435		8.725	9.385	11.575	12.135	7.435	6.995	7.845	7.845	7.595	8.815	9.775	9.265	9.935	9.935	11.235	12.425	9.295	13.455	11.425	8.675	8.305					8.474166667
7.295	8.505	8.685	8.435	8.205	10.505	8.565		10.845	8.475	7.435	9.625	10.785	8.655	8.325	8.385		8.775	9.405	11.615	12.105	7.475	6.985	7.845	7.785	7.565	7.725	9.755	9.195	9.995	9.925	11.255	12.435	9.315	13.455	11.365	8.675	8.345					8.414583333
7.315	8.505	8.595	8.515	8.225	10.425	8.495		10.825	8.575	7.495	9.605	10.835	8.635	8.315	8.335		8.815	9.405	11.645	12.075	7.415	6.975	7.865	7.715	7.525	7.735	9.715	9.115	10.035	9.915	11.275	12.435	9.355	13.465	11.295	8.715	8.405					8.37625
7.265	8.525	8.555	8.545	8.215	10.335	8.445		10.805	8.645	7.605	9.575	10.865	8.615	8.295	8.335		8.845	9.405	11.665	12.055	7.405	6.955	7.865	7.665	7.465	7.725	9.675	9.125	10.025	9.925	11.295	12.425	9.385	13.465	11.245	8.775	8.485					8.31375
7.305	8.535	8.515	8.545	8.205	10.285	8.385		10.795	8.765	7.685	9.545	10.885	8.575	8.235	8.355		8.825	9.405	11.695	12.025	7.445	6.935	7.865	7.605	7.415	7.835	9.675	9.125	10.025	9.935	11.325	12.405	9.435	13.465	11.205	8.845	8.545					8.245416667
7.345	8.595	8.415	8.545	8.185	10.275	8.305		10.805	8.855	7.735	9.505	10.915	8.565	8.135	8.325		8.805	9.405	11.735	12.005	7.455	6.905	7.865	7.545	7.415	7.985	9.715	9.115	10.025	9.975	11.335	12.395	9.475	13.455	11.185	8.885	8.605					8.194583333
7.325	8.605	8.295	8.545	8.185	10.265	8.205		10.785	8.905	7.785	9.475	10.945	8.555	8.035	8.265		8.785	9.385	11.755	11.985	7.475	6.905	7.865	7.465	7.475	8.125	9.725	9.125	10.065	9.915	11.355	12.385	9.545	13.445	11.175	8.915	8.665					8.149166667
7.265	8.585	8.175	8.565	8.135	10.245	8.115		10.785	8.965	7.845	9.425	10.965	8.565	7.935	8.175		8.795	9.385	11.775	11.965	7.485	6.905	7.875	7.385	7.505	8.145	9.745	9.115	10.085	9.895	11.405	12.405	9.625	13.445	11.145	8.985	8.695					8.103333333
7.235	8.505	8.075	8.585	8.075	10.255	8.065		10.775	9.005	7.875	9.385	11.015	8.565	7.845	8.065		8.795	9.385	11.815	11.945	7.485	6.905	7.875	7.305	7.515	8.115	9.715	9.095	10.115	9.905	11.425	12.405	9.645	13.425	11.125	9.075	8.775					8.122083333
7.335	8.515	8.035	8.645	8.045	10.265	8.055		10.785	9.065	7.885	9.365	11.045	8.565	7.745	7.975		8.855	9.375	11.845	11.945	7.435	6.905	7.855	7.245	7.515	8.085	9.705	9.085	10.135	9.945	11.395	12.405	9.645	13.395	11.105	9.155	8.815					8.12452381
7.425	8.395	8.025	8.755	7.975	10.265	8.025		10.805	9.125	7.875	9.395	11.075	8.605	7.765	7.865		8.795	9.365	11.875	11.935	7.375	6.905	7.845	7.225	7.485	8.085	9.715	9.115	10.155	10.015	11.455	12.415	9.615	13.385	11.095	9.195	8.865					8.1
7.505	8.395	8.025	8.815	7.895	10.265	7.975		10.795	9.155	7.845	9.335	11.135	8.635	7.875	7.755		8.955	9.365	11.895	11.915	7.385	6.915	7.835	7.235	7.485	8.145	9.715	9.155	10.145	10.075	11.535	12.425	9.615	13.395	11.075							8.03
7.485	8.345	8.035	8.865	7.805	10.285	7.895		10.795	9.185	7.825	9.325	11.185	8.705	7.895	7.645		8.965	9.365	11.915	11.895	7.385	6.935	7.825	7.275	7.545	8.245	9.705	9.165	10.175	10.115	11.575	12.415	9.565	13.355	11.045							8.01
7.435	8.295	8.075	8.985		10.375	7.815	8.295	10.795	9.215	7.825	9.305	11.225	8.765	8.015	7.565		8.965	9.345	11.925	11.875	7.265	6.955	7.835	7.305	7.575	8.335	9.695	9.195	10.155	10.115	11.615	12.435	9.555	13.355	11.025	9.255						8.005833333
7.325	8.215	8.125	9.115		10.435	7.815	8.335	10.785	9.225	7.825	9.285	11.255	8.855	8.125	7.465		8.955	9.325	11.945	11.865	7.135	6.985	7.845	7.325	7.555	8.415	9.675	9.215	10.125	10.105	11.635	12.445	9.545	13.305	11.075	9.235						7.978125
7.255	8.145	8.225	9.175		10.435	7.855	8.375	10.755	9.245	7.845	9.275	11.275	8.935	8.235	7.425		8.915	9.325	11.955	11.865	7.005	7.015	7.845	7.335	7.495	8.575	9.645	9.225	10.105	10.105	11.675	12.455	9.525	13.275	11.045	9.205						7.934333333
7.225	8.095	8.275	9.275		10.445	7.855	8.415	10.735	9.225	7.895	9.305	11.315	9.125	8.295	7.375		8.875	9.325	11.965	11.845	7.015	7.035	7.825	7.375	7.475	8.625	8.095	9.255	10.085	10.125	11.715	12.475	9.505	13.275	11.035	9.185						7.933666667
7.215	8.015	8.315	9.375		10.485	7.825	8.465	10.705	9.245	7.955	9.345	11.345	9.215	8.355	7.315		8.865	9.345	11.965	11.845	7.045	7.025	7.825	7.415	7.545	8.665	9.535	9.215	10.065	10.145	11.765	12.485	9.475	13.295	11.015	9.165						7.969375
7.235	7.935	8.355	9.425		10.505	7.815	8.495	10.695	9.235	8.005	9.365	11.385	8.765	8.415	7.265		8.865	9.345	11.975	11.845	7.045	7.025	7.815	7.455	7.645	8.725	9.425	9.225	10.065	10.175	11.795	12.495	9.465	13.315	10.965	9.155						7.969666667
7.245	7.845	8.385	9.455		10.525	7.845	8.505	10.675	9.255	8.045	9.385	11.445	8.325	8.445	7.265		8.895	9.315	11.975	11.845	7.055	7.025	7.815	7.495	7.755	8.705	9.285	9.245	10.075	10.195	11.805	12.505	9.465	13.335	10.915	9.155						7.953571429
7.245	7.775	8.405	9.505		10.555	7.875	8.505	10.625	9.255	8.055	9.425	11.475	9.415	8.445	7.275		8.955	9.295	11.975	11.845	7.105	7.035	7.815	7.555	7.835	8.655	9.225	9.275	10.055	10.205	11.835	12.505	9.435	13.335	10.915	9.145						7.992333333
7.215	7.715	8.405	9.535		10.565	7.865	8.505	10.575	9.265	8.045	9.455	11.515	9.455	8.445	7.285		9.025	9.275	11.975	11.845	7.155	7.055	7.825	7.575	7.915	8.595	9.175	9.325	10.025	10.215	11.855	12.525	9.375	13.345	10.885	9.115						8.089
7.135	7.675	8.375	9.555		10.565	7.855	8.505	10.565	9.285	8.005	9.475	11.565	9.495	8.445	7.295		9.105	9.255	11.965	11.845	7.195	7.075	7.815	7.615	7.975	8.555	9.165	9.395	10.025	10.225	11.865	12.545	9.315	13.335	10.855	9.085						8.153666667
7.075	7.615	8.335	9.565		10.585	7.855	8.515	10.585	9.335	7.955	9.485	11.625	9.555	8.475	7.295		9.185	9.215	11.965	11.845	7.305	7.095	7.825	7.655	8.025	8.485	9.215	9.455	10.025	10.235	11.885	12.555	9.255	13.335	10.815	9.065						8.209583333
	7.565	8.305	9.635		10.585	7.885	8.545	10.595	9.395	7.885	9.495	11.675	9.595	8.505	7.315		9.265	9.175	11.955	11.845	7.515	7.115	7.845	7.675	8.015	8.445	9.285	9.495	10.005	10.265	11.885	12.575	9.215	13.345	10.775	8.985						8.2875
	7.495	8.315	9.675		10.575	7.915	8.595	10.615	9.465	7.815	9.495	11.715	9.635	8.535	7.335		9.355	9.155	11.925	11.845	7.585	7.135	7.885	7.735	8.045	8.395	9.335	9.555	9.975	10.275	11.885	12.585	9.175	13.345	10.725	8.905						8.32375
	7.445	8.355	9.715		10.585	8.005	8.615	10.625	9.505	7.755	9.485	11.755	9.675	8.565	7.345		9.395	9.155	11.915	11.835	7.645	7.155	7.885	7.775	8.135	8.335	9.355	9.655	9.935	10.285	11.895	12.595	9.145	13.355	10.665	8.855						8.35375
	7.425	8.375	9.745		10.605	8.125	8.635	10.635	9.575	7.715	9.495	11.795	9.725	8.595	7.225		9.455	9.125	11.895	11.815	7.695	7.165	7.905	7.815	8.245	8.305	9.405	9.755	9.905	10.295	11.905	12.605	9.155	13.335	10.625	8.775						8.391666667
	7.415	8.415	9.775		10.605	8.215	8.675	10.635	9.615	7.685	9.485	11.835	9.775	8.615	7.115		9.525	9.085	11.855	11.785	7.665	7.165	7.935	7.855	8.335	8.285	9.445	9.815	9.895	10.315	11.915	12.615	9.215	13.335	10.595	8.745						8.49625
	7.415	8.435	8.795		10.605	8.305	8.715	10.645	9.665	7.635	9.475	11.865	9.815	8.665	7.075		9.595	9.015	11.825	11.765	7.575	7.165	7.955	7.895	8.445	8.235	9.435	9.885	9.835	10.335	11.915	12.635	9.235	13.325	10.585	8.665						8.541666667
	7.445	8.465	9.815		10.605	8.395	8.755	10.655	9.725	7.615	9.475	11.905	9.855	8.675	7.185		9.665	8.975	11.825	11.735	7.475	7.165	7.985	7.925	8.575	8.195	9.435	9.935	9.805	10.385	11.905	12.655	9.255	13.325	10.615	8.555						8.583333333
	7.485	8.515	9.875		10.595	8.455	8.795	10.685	9.765	7.595	9.475	11.945	9.885	8.665	7.355		9.775	8.935	11.815	11.705	7.375	7.165	7.995	7.955	8.665	8.185	9.435	9.965	9.785	10.435	11.895	12.675	9.305	13.335	10.645	8.475						8.62
	7.515	8.575	9.945		10.595	8.505	8.835	10.725	9.775	7.555	9.455	11.965	9.955	8.635	7.545		9.825	8.895	11.775	11.685	7.275	7.175	8.025	7.985	8.715	8.185	9.445	10.045	9.775	10.455	11.895	12.685	9.335	13.345	10.645	8.405						8.673333333
	7.515	8.635	9.975		10.605	8.545	8.875	10.765	9.795	7.485	9.445	12.005	10.015	8.585	7.785		9.895	8.855	11.735	11.665	7.175	7.205	8.065	8.005	8.745	8.185	9.495	10.075	9.755	10.485	11.885	12.705	9.345	13.365	10.665	8.355						8.714166667
	7.495	8.675	10.015		10.625	8.555	8.915	10.755	9.785	7.435	9.445	12.045	10.065	8.555	7.975		9.945	8.815	11.695	11.665	7.205	7.205	8.095	8.045	8.775	8.185	9.505	10.085	9.795	10.505	11.885	12.685	9.305	13.385	10.685	8.325						8.74547619
	7.495	8.715	10.045		10.615	8.585	8.935	10.805	9.795	7.425	9.445	12.095	10.115	8.565	8.155		9.995	8.785	11.655	11.665	7.255	7.225	8.125	8.095	8.715	8.295	9.515	10.105	9.835	10.515	11.865	12.695	9.275	13.405	10.675	8.295						8.7725
	7.545	8.735	10.045		10.605	8.595	8.945	10.845	9.805	7.465	9.445	12.145	10.165	8.565	8.275		10.035	8.785	11.645	11.645	7.365	7.275	8.145	8.115	8.645	8.435	9.525	10.125	9.875	10.525	11.855	12.685	9.245	13.445	10.655	8.315						8.799736842
	7.605	8.745	10.045		10.595	8.615	8.945	10.875	9.805	7.535	9.485	12.185	10.215	8.575	8.375		10.105	8.805	11.625	11.615	7.505	7.305	8.175	8.205	8.665	8.495	9.565	10.145	9.865	10.535	11.845	12.665	9.245	13.475	10.655	8.365						8.8275
	7.705	8.785	10.075		10.555	8.635	8.955	10.935	9.815	7.625	9.525	12.225	10.265	8.605	8.475		10.155	8.895	11.615	11.575	7.665	7.315	8.205	8.215	8.725	8.485	9.645	10.165	9.885	10.545	11.835	12.645	9.225	13.505	10.635	8.395						8.851
6.755	7.835	8.815	10.115		10.535	8.645	8.995	10.955	9.825	7.675	9.545	12.285	10.315	8.675	8.595		10.175	9.005	11.575	11.555	7.865	7.335	8.235	8.235	8.775	8.525	9.705	10.145	9.895	10.525	11.825	12.625	9.185	13.555	10.635	8.425						8.882368421
6.825	7.975	8.855			10.515	8.655	9.035	10.985	9.845	7.725	9.575	12.325	10.375	8.715	8.715		10.175	9.105	11.545	11.525	8.105	7.395	8.255	8.295	8.835	8.535	9.765	10.155	9.935	10.535	11.805	12.605	9.075	13.575	10.625	8.425						8.9125
6.915	8.105	8.865			10.455	8.655	9.015	11.025	9.875	7.815	9.625	12.355	10.415	8.725	8.825		10.195	9.205	11.545	11.505	8.525	7.445	8.305	8.375	8.875	8.615	9.815	10.195	10.005	10.535	11.775	12.605	8.965	13.595	10.605	8.405						8.93
7.135	8.245	8.895			10.405	8.665	8.995	11.055	9.905	7.905	9.755	12.395	10.475	8.755	8.895		10.195	9.305	11.545	11.485	8.605	7.465	8.335	8.435	8.925	8.735	9.875	10.225	10.095	10.505	11.785	12.605	8.915	13.615	10.595	8.355						8.946666667
7.335	8.395	8.935		8.535	10.355	8.695	9.015	11.075	9.935	7.985	9.725	12.445	10.515	8.745	8.935	9.355	10.195	9.405	11.545	11.465	8.655	7.475	8.365	8.475	8.985	8.915	9.905	10.245	10.155	10.475	11.765	12.585	8.825	13.655	10.585	8.345						
7.575	8.555	8.995		8.535	10.305	8.745	9.025	11.105	9.985	8.045	9.715	12.465	10.575	8.755	8.975	9.385	10.195	9.475	11.535	11.465	8.695	7.485	8.415	8.515	9.025	9.025	9.955	10.255	10.185	10.445	11.755	12.575	8.725	13.695	10.585	8.305						
7.765	8.705	9.365		8.545	10.245	8.775	9.035	11.145	10.025	8.105	9.735	12.475	10.615	8.765	9.025	9.395	10.195	9.515	11.515	11.455	8.665	7.495	8.425	8.555	9.095	9.105	10.005	10.285	10.185	10.435	11.735	12.565	8.605	13.735	10.555	8.275						
7.875	8.815	9.395		8.565	10.195	8.825	9.035	11.175	10.055	8.155	9.765	12.485	10.645	8.785	9.095	9.395	10.205	9.555	11.495	11.445	8.615	7.495	8.455	8.595	9.125	9.095	10.045	10.305	10.205	10.405	11.735	12.555	8.465	13.785	10.545	8.225						
7.935	8.895	9.435		8.605	10.155	8.875	9.035	11.215	10.085	8.225	9.785	12.515	10.675	8.845	9.135	9.395	10.205	9.595	11.475	11.445	8.575	7.505	8.495	8.635	9.105	9.045	10.055	10.305	10.205	10.375	11.715	12.555	8.445	13.835	10.545	8.145						
8.035	8.995	9.175		8.715	10.135	8.925	9.055	11.245	10.125	8.345	9.855	12.525	10.705	8.975	9.175	9.395	10.205	9.615	11.455	11.465	8.575	7.505	8.525	8.675	9.085	8.985	10.075	10.325	10.225	10.365	11.695	12.525	8.525	13.875	10.545	8.125						
8.125	9.065	9.215		8.865	10.115	8.955	9.065	11.295	10.195	8.445	9.875	12.535	10.735	9.065	9.225	9.375	10.195	9.625	11.435	11.475	8.635	7.515	8.575	8.715	9.085	8.915	10.095	10.355	10.245	10.345	11.685	12.525	8.605	13.915	10.565	8.125						
8.245	9.125	9.225		8.995	10.095	9.015	9.065	11.325	10.185	8.555	9.935	12.555	10.745	9.105	9.255	9.375	10.185	9.625	11.385	11.485	8.665	7.525	8.605	8.735	9.085	8.845	10.145	10.395	10.275	10.325	11.675	12.535	8.585	13.955	10.585	8.115						
8.345	9.205	9.245		9.085	10.065	9.065	9.075	11.365	10.205	8.635	10.005	12.575	10.765	9.185	9.295	9.405	10.175	9.655	11.405	11.485	8.645	7.525	8.635	8.755	9.095	8.795	10.225	10.415	10.325	10.295	11.665	12.515	8.515	13.985	10.625	8.165						
8.445	9.285	9.255		9.185	10.065	9.095	9.085	11.405	10.255	8.685	10.085	12.565	10.795	9.275	9.295	9.435	10.135	9.715	11.405	11.515	8.585	7.535	8.675	8.775	9.115	8.775	10.295	10.455	10.375	10.245	11.665	12.515	8.445	13.995	10.635	8.235	9.745					
8.545	9.365	9.275		9.305	10.065	9.135	9.085	11.445	10.285	8.775	10.145	12.595	10.835	9.385	9.365	9.455	10.105	9.765	11.415	11.485	8.535	7.535	8.715	8.815	9.145	8.735	10.325	10.495	10.405	10.215	11.645	12.525	8.375	14.015	10.715	8.275	9.745					
8.655	9.455	9.305		9.385	10.075	9.175	9.085	11.485	10.325	8.855	10.175	12.615	10.875	9.505	9.435	9.445	10.095	9.855	11.425	11.465	8.475	7.545	8.765	8.835	9.175	8.705	10.355	10.545	10.415	10.195	11.635	12.485	8.345	14.025	10.725	8.395	9.725					
8.755	9.535	9.325		9.455	10.105	9.225	9.095	11.535	10.345	8.935	10.155	12.625	10.915	9.595	9.525	9.475	10.115	9.955	11.425	11.465	8.435	7.555	8.805	8.865	9.195	8.735	10.415	10.575	10.435	10.135	11.645	12.485	8.345	14.025	10.755	8.405	9.695					
8.875	9.635	9.335		9.515	10.125	9.265	9.145	11.575	10.375	9.035	10.205	12.605	10.955	9.665	9.565	9.475	10.055	10.035	11.425	11.465	8.435	7.565	8.855	8.885	9.205	8.735	10.455	10.605	10.475	10.085	11.645	12.495	8.365	14.045	10.765	8.435	9.665					
9.075	9.705	9.355		9.555	10.155	9.335	9.155	11.615	10.405	9.175	10.235	12.605		9.735	9.615	9.475	10.075	10.095	11.435	11.485	8.525	7.575	8.905	8.905	9.205	8.715	10.525	10.625	10.505	10.115	11.645	12.505	8.475	14.075	10.805	8.465	9.695					
9.155	9.745	9.395		9.585	10.195	9.395	9.195	11.655	10.415	9.335	10.285	12.615		9.825	9.645	9.475	10.085	10.165	11.455	11.505	8.625	7.585	8.945	8.925	9.225	8.705	10.575	10.655	10.535	10.165	11.665	12.515	8.595	14.115	10.915	8.495	9.715					
9.245	9.805	9.395		9.635	10.235	9.455	9.235	11.695	10.425	9.475	10.305	12.635		9.905	9.675	9.465	10.575	10.215	11.515	11.535	8.725	7.595	8.985	8.895	9.225	8.665	10.615	10.705	10.565	10.245	11.685	12.505	8.715	14.135	10.975	8.585	9.775					
9.315	9.855	9.475		9.665	10.275	9.495	9.245	11.735	10.425	9.585	10.365	12.715	11.105	9.985	9.685	9.445	10.055	10.275	11.555	11.565	8.815	7.595	9.035	8.945	9.255	8.645	10.635	10.745	10.575	10.295	11.695	12.495	8.785	14.165	11.035	8.635	9.815					
9.345	9.915	9.515		9.715	10.315	9.525	9.275	11.755	10.425	9.675	10.395	12.795	11.115		9.695	9.395	10.055	10.315	11.595	11.585	8.895	7.605	9.075	8.945	9.315	8.665	10.705	10.765	10.595	10.355	11.725	12.505	8.865	14.165	11.145	8.705	9.835					
9.375	9.965	9.545		9.745	10.345	9.545	9.285	11.755	10.425	9.775	10.465	12.765	11.165	10.095	9.705	9.335	10.115	10.345	11.615	11.605	8.915	7.615	9.115	8.945	9.375	8.705	10.755	10.775	10.645	10.385	11.765	12.505	8.915	14.165	11.235	8.785	9.845					
9.395	10.055	9.575		9.765	10.345	9.575	9.315	11.765	10.435	9.915	10.505	12.735	11.205	10.135	9.705	9.295	10.105	10.375	11.645	11.605	8.955	7.655	9.145	8.945	9.405	8.745	10.795	10.825	10.675	10.455	11.825	12.505	8.935	14.165	11.315	8.845	9.885					
9.405	10.085	9.615		9.795	10.345	9.635	9.345	11.795	10.435	10.025	10.535	12.725	11.215	10.195	9.705	9.265	10.115	10.425	11.675	11.605	8.975	7.665	9.185	8.945	9.465	8.795	10.835	10.865	10.705	10.485	11.845	12.515	8.955	14.145	11.395	8.885	9.905					
9.425	10.125	9.675		9.835		9.715	9.385	11.825	10.435	10.105	10.585	12.705	11.255	10.235	9.675	9.275	10.055	10.475	11.705	11.625	9.015	7.665	9.225	8.945	9.545	8.875	10.895	10.905	10.755	10.515	11.885	12.535	9.005	14.135	11.465	8.955	9.915					
9.425	10.165	9.765		9.895		9.785	9.435	11.845	10.435	10.185	10.625	12.685	11.285	10.285	9.635	9.285	10.055	10.495	11.725	11.675	9.055	7.665	9.255	8.945	9.605	8.895	10.915	10.955	10.785	10.535	11.915	12.555	9.075	14.145	11.535	9.015	9.935					
9.425	10.205	9.815		9.905		9.845	9.475	11.875	10.455	10.265	10.655	12.695	11.315	10.345	9.595	9.275	10.065	10.535	11.725	11.705	9.075	7.665	9.285	8.945	9.625	8.925	10.945	11.005	10.825	10.565	11.945	12.565	9.085	14.125	11.595	9.105	9.945					
9.425	10.305	9.865		9.925			9.515	11.935	10.465	10.335	10.695	12.735	11.345	10.395	9.535	9.245	10.055	10.565	11.745	11.725	9.055	7.665	9.315	8.945	9.675	8.985	10.975	11.035	10.895	10.595	11.975	12.595	9.095	14.125	11.665	9.185	9.965					
9.455	10.335	9.915		9.925			9.535	11.975	10.495	10.385	10.795	12.755	11.365	10.425	9.495	9.255	10.065	10.615	11.765	11.745	9.015	7.675	9.345	8.945	9.725	9.075	11.025	11.065	10.905	10.655	12.015	12.625	9.135	14.125	11.755	9.235	9.995					
9.485	10.365	9.975		9.935			9.545	12.015	10.525	10.455	10.805	12.765	11.395	10.465	9.465	9.275	10.065	10.665	11.795	11.765	8.975	7.705	9.385	8.935	9.755	9.235	11.055	11.085	10.905	10.685	12.055	12.645	9.155	14.105	11.815	9.285	10.005					
9.555	10.415	10.035		9.935			9.555	12.055	10.585	10.515	10.905	12.765	11.425	10.505	9.385	9.305	10.085	10.705	11.815	11.765	8.915	7.715	9.425	8.935	9.795	9.355	11.105	11.155	10.965	10.745	12.105	12.665	9.125	14.085	11.895	9.335	10.015					
9.595	10.465	10.095		9.935			9.595	12.095	10.615	10.575	10.965	12.765	11.435	10.555	9.275	9.285	10.055	10.735	11.835	11.765	8.845	7.725	9.465	8.925	9.815	9.505	11.155	11.185	11.035	10.775	12.135	12.685	9.135	14.065	11.965	9.385	10.035					
9.645	10.515	10.135		9.985			9.635	12.135	10.625	10.615	10.955	12.785	11.475	10.585	9.225	9.255	10.095	10.765	11.855	11.765	8.765	7.725	9.505	8.925	9.855	9.655	11.195	11.195	11.055	10.805	12.185	12.705	9.165	14.035	12.035	9.445	10.065					
9.695	10.545	10.155	10.835	10.045			9.675	12.145	10.655	10.585	10.985	12.795	11.525	10.605	9.245	9.235	10.125	10.795	11.895	11.785	8.715	7.745	9.535	8.925	9.895	9.785	11.235	11.235	11.095	10.895	12.225	12.735	9.185	14.005	12.055	9.475	10.105					
9.715	10.585	10.165	10.875	10.065			9.715	12.155	10.665	10.605	11.015	12.835	11.555	10.635	9.265	9.225	10.145	10.835	11.925	11.805	8.625	7.765	9.575	8.925	9.935	9.895	11.275	11.265	11.155	10.955	12.285	12.765	9.215	13.985	12.085	9.505	10.145					
9.745	10.625	10.215	10.915	10.125			9.755	12.195	10.695	10.475	11.045	12.845	11.585	10.675	9.285	9.215	10.145	10.865	11.945	11.825	8.565	7.775	9.595	8.925	9.965	10.025	11.315	11.295	11.205	11.005	12.285	12.785	9.235	13.965	12.135	9.565	10.155					
9.795	10.665	10.255	10.955	10.115			9.795	12.225	10.715	10.615	11.155	12.845	11.625	10.725	9.305	9.175	10.175	10.885	11.965	11.845	8.475	7.795	9.645	8.925	10.005	10.115	11.335	11.325	11.235	11.045	12.325	12.825	9.285	13.985	12.145	9.615	10.155					
9.835	10.695	10.295	10.995	10.105			9.835	12.235	10.735	10.725	11.195	12.855	11.665	10.785	9.305	9.115	10.195	10.915	11.985	11.865	8.405	7.815	9.675	8.925	10.045	10.185	11.355	11.345	11.275	11.075	12.445	12.885	9.355	13.975	12.155	9.635	10.155					
9.885	10.725	10.325	11.015	10.105			9.875	12.275	10.745	10.785	11.265	12.905	11.675	10.815	9.325	9.065	10.225	10.955	11.995	11.895	8.365	7.825	9.715	8.925	10.085	10.265	11.375	11.375	11.325	11.105	12.545	12.925	9.425	13.945	12.165	9.645	10.145					
9.925	10.765	10.345	11.045	10.105			9.895	12.315	10.755	10.805	11.315	12.905	11.705	10.845	9.325	9.035	10.245	10.985	12.025	11.915	8.365	7.835	9.765	8.925	10.115	10.335	11.405	11.395	11.345	11.135	12.605	12.955	9.525	13.945	12.175	9.665	10.175				10.36	
9.975	10.795	10.345	11.075	10.105			9.895	12.355	10.755	10.865	11.375	12.885	11.725	10.875	9.345	9.025	10.265	11.015	12.045	11.935	8.385	7.855	9.815	8.925	10.145	10.425	11.455	11.485	11.375	11.195	12.695	12.965	9.605	13.935	12.195	9.665	10.205				10.363	
10.025	10.835	10.345	11.115	10.105			9.895	12.395	10.765	10.885	11.425	12.885	11.755	10.885	9.375	9.045	10.275	11.035	12.095	11.955	8.475	7.875	9.845	8.945	10.195	10.505	11.465	11.535	11.425	11.215	12.805	13.035	9.715	13.945	12.205	9.665	10.235				10.372	
10.075	10.865	10.375	11.155	10.105			9.885	12.425	10.795	10.905	11.475	12.885	11.775	10.925	9.475	9.045	10.285	11.095	12.135	11.965	8.575	7.895	9.865	8.955	10.205	10.565	11.515	11.605	11.485	11.235	12.845	13.075	9.815	13.925	12.205	9.665	10.275				10.355	
10.125	10.895	10.415	11.195	10.115			9.885	12.455	10.805	10.915	11.515	12.895	11.805	10.955	9.565	9.015	10.315	11.125	12.155	11.965	8.705	7.905	9.885	8.975	10.215	10.625	11.545	11.655	11.515	11.245	12.895	13.125	9.865	13.925	12.225	9.645	10.305				10.345	
10.165	10.925	10.455	11.235	10.115			9.865	12.495	10.775	10.935	11.555	12.885	11.835	10.995	9.655	8.955	10.345	11.135	12.175	11.975	8.835	7.915	9.915	8.985	10.225	10.675	11.575	11.695	11.555	11.265	13.065	13.165	9.925	13.915	12.245	9.615	10.325				10.376	
10.205	10.945	10.485	11.275	10.115			9.845	12.515	10.775	10.975	11.595	12.895	11.855	11.025	9.695	8.895	10.365	11.155	12.215	11.995	8.985	7.915	9.935	8.985	10.225	10.715	11.405	11.725	11.615	11.295	13.145	13.195	9.985	13.935	12.255	9.585	10.345				10.384	
10.245	10.975	10.495	11.315	10.125			9.845	12.555	10.795	11.005	11.625	12.895	11.875	11.045	9.795	8.855	10.385	11.175	12.255	12.015	9.185	7.925	9.955	8.985	10.235	10.755	11.625	11.755	11.665	11.335	13.205	13.225	10.035	13.965	12.265	9.545	10.355				10.375	
10.275	11.005	10.495	11.365	10.125			9.845	12.595	10.835	11.025	11.675	12.925	11.895	11.065	9.815	8.835	10.405	11.205	12.265	12.035	9.315	7.935	9.975	9.005	10.255	10.795	11.655	11.795	11.725	11.375	13.315	13.235	10.105	13.975	12.275	9.525	10.375				10.393	
10.305	11.045	10.505	11.425	10.125			9.845	12.665	10.825	11.055	11.705	12.945	11.915	11.075	9.835	8.825	10.415	11.215	12.285	12.035	9.405	7.955	9.985	9.025	10.295	10.825	11.675	11.835	11.755	11.435	13.365	13.235	10.155	13.995	12.285	9.545	10.375				10.398	
10.325	11.075	10.525	11.495	10.215			9.825	12.715	10.835	10.575	11.735	12.955	11.925	11.095	9.875	8.845	10.435	11.255	12.295	12.035	9.495	7.985	10.005	9.025	10.335	10.855	11.705	11.875	11.805	11.465	13.435	13.275	10.195	14.015	12.325	9.525	10.375				10.41	
10.325	11.105	10.595	11.535	10.235			9.805	12.755	10.875	11.095	11.765	12.965	11.935	11.105	9.915	8.885	10.455	11.275	12.325	12.035	9.535	8.005	10.015	9.025	10.355	10.875	11.725	11.905	11.865	11.475	13.495	13.355	10.215	14.035	12.335	9.515	10.375					
10.335	11.145	10.655	11.605	10.255			9.775	12.795	10.895	11.115	11.795	12.965	11.945	11.115	9.955	8.925	10.475	11.275	12.325	12.035	9.635	8.035	10.015	9.025	10.375	10.885	11.735	11.945	11.925	11.515	13.545	13.375	10.245	14.065	12.345	9.555	10.385				10.454	
10.335	11.185	10.695	11.685	10.255			9.735	12.835	10.885	11.145	11.815	12.985	11.915	11.135	9.985	8.935	10.495	11.295	12.325	12.025	9.685	8.075	10.015	9.025	10.405	10.885	11.775	11.985	11.975	11.555	13.605	13.385	10.255	14.105	12.385	9.595	10.355				10.462	
10.335	11.215	10.725	11.765	10.265			9.695		10.885	11.155	11.845	13.005	11.895	11.155	9.985	8.965	10.535	11.325	12.325	12.005	9.785	8.095	10.015	9.025	10.425	10.885	11.795	12.025	12.025	11.595	13.655	13.395	10.265	14.175	12.425	9.625	10.345				10.478	
10.325	11.235	10.725	11.855	10.245			9.655		10.885	11.175	11.845	13.005	11.885	11.175	9.985	8.985	10.575	11.345	12.325	11.985	9.775	8.125	10.025	9.025	10.455	10.875	11.815	12.065	12.085	11.655	13.705	13.415	10.195	14.235	12.465	9.645	10.335				10.513	
10.315	11.275	10.735	11.895	10.225			9.615		10.905	11.195	11.855	13.005	11.875	11.195	9.985	8.995	10.595	11.385	12.325	11.985	9.815	8.145	10.035	9.025	10.455	10.875	11.845	12.095	12.195	11.675	13.755	13.455	10.225	14.305	12.525	9.655	10.315				10.528	
10.285	11.295	10.745	11.935	10.205			9.575		10.925	11.205	11.875	10.265	11.855	11.215	10.005	9.015	10.615	11.405	12.325	11.985	9.835	8.165	10.035	9.025	10.475	10.855	11.875	12.135	12.265	11.715	13.775	13.455	10.225	14.375	12.575	9.665	10.295				10.54	
10.265	11.315	10.755	11.975	10.195			9.535		10.915	11.215	11.885	13.045	11.845	11.225	10.025	9.045	10.635	11.445	12.325	11.985	9.845	8.185	10.035	9.005	10.505	10.815	11.915	12.175	12.345	11.745	13.815	13.455	10.225	14.395	12.615	9.685	10.295				10.588	
10.225	11.345	10.765	12.065	10.205			9.495		10.925	11.275	11.885	12.865	11.825	11.225	10.055	9.075	10.655	11.475	12.325	11.975	9.835	8.195	10.035	9.005	10.535	10.805	11.935	12.235	12.445	11.765	13.955	13.495	10.205	14.505	12.665	9.705	10.295				10.629	
10.175	11.375	10.775	12.175	10.215			9.485		10.925	11.225	11.885	13.105	11.815	11.225	10.075	9.135	10.695	11.495	12.325	11.945	9.815	8.215	10.025	8.985	10.575	10.775	11.965	12.275	12.545	11.795	14.005	13.515	10.185	14.595	12.725	9.705	10.315				10.659	
10.095	11.395	10.795	12.265	10.215			9.485		10.925	11.225	11.865	13.115	11.795	11.225	10.095	9.185	10.715	11.525	12.315	11.915	9.795	8.235	10.025	8.965	10.605	10.715	11.995	12.285	12.625	11.835	14.025	13.545	9.655	14.675	12.775	9.695	10.295				10.684	
10.025	11.435	10.835	12.365	10.215			9.485		10.925	11.235	11.855	13.145	11.775	11.215	10.135	9.225	10.745	11.535	12.295	11.885	9.795	8.255	10.015	8.945	10.625	10.665	12.015	12.355	12.725	11.865	13.995	13.565	9.105	14.765	12.845	9.695	10.315				10.715	
9.935	11.445	10.825	12.445	10.205			9.485	13.405	10.915	11.225	11.855	13.165	11.735	11.215	10.165	9.245	10.765	11.555	12.285	11.855	9.785	8.275	10.005	8.945	10.645	10.615	12.055	12.405	12.825	11.895	13.925	13.615	9.095	14.855	12.965	9.665	10.325				10.729	
9.845	11.465	10.735	12.535	10.225	11.555	10.455	9.435	13.415	10.915	11.215	11.865	13.185	11.705	11.225	10.185	9.265	10.795	11.555	12.265	11.825	9.745	8.285	10.005	8.905	10.665	10.555	12.075	12.425	12.955	11.925	13.715	13.655	9.025	14.895	13.035	9.745	10.305					
9.765	11.475	10.715	12.555	10.205	11.565	10.415	9.405	13.415	10.925	11.195	11.855	13.205	11.695	11.225	10.205	9.345	10.815	11.575	12.245	11.805	9.725	8.305	9.995	8.875	10.675	10.495	12.085	12.445	13.035	11.945	13.665	13.695	8.975	14.945	13.135	9.835	10.295					
9.685	11.495	10.685	12.585	10.195	11.585	10.375	9.375	13.415	10.935	11.175	11.845	13.245	11.665	11.235	10.225	9.415	10.835	11.595	12.205	11.785	9.695	8.315	9.985	8.845	10.685	10.425	12.115	12.475	13.155	11.965	13.615	13.735	8.935	14.975	13.245	9.815	10.295					
9.615	11.495	10.655	12.585	10.185	11.595	10.325	9.335	13.395	10.955	11.135	11.865	13.285	11.645	11.255	10.245	9.465	10.855	11.615	12.165	11.765	9.665	8.325	9.975	8.815	10.685	10.345	12.125	12.485	13.235	11.985	13.565	13.795	8.865	15.015	13.315	9.795	10.315				10.829	
9.525	11.495	10.615	12.595	10.175	11.605	10.315	9.325	13.365	10.965	11.095	11.865	13.315	11.645	11.265	10.245	9.515	10.875	11.625	12.115	11.745	9.645	8.355	9.965	8.825	10.705	10.265	12.145	12.485	13.295	12.005	13.515	13.835	8.785	15.035	13.375	9.775	10.315				10.839	
9.425	11.485	10.565	12.615	10.165	11.625	10.215	9.325	13.335	10.995	11.045	11.865	13.345	11.645	11.255	10.245	9.555	10.895	11.645	12.065	11.725	9.595	8.395	9.935	8.805	10.725	10.185	12.165	12.505	13.355	12.025	13.445	13.885	8.665	15.055	13.455	9.745	10.315				10.911	
9.315	11.465	10.525	12.625	10.145	11.645	10.145	9.305	13.295	11.025	10.995	11.865	13.365	11.625	11.285	10.245	9.605	10.915	11.665	12.015	11.725	9.475	8.435	9.925	8.785	10.725	10.075	12.205	12.515	13.415	12.035	13.385	13.935	8.575	15.055	13.515	9.695	10.325				10.948	
9.215	11.435	10.495	12.605	10.145	11.645	10.095	9.305	13.255	11.035	10.945	11.855	13.385	11.615	11.285	10.245	9.635	10.935	11.665	11.975	11.725	9.375	8.455	9.925	8.775	10.715	9.955	12.205	12.505	13.465	12.055	13.315	13.955	8.485	15.035	13.565	9.635	10.315				10.826	
9.105	11.405	10.485	12.605	10.135	11.655	10.015	9.345	13.215	11.025	10.885	11.855	13.395	11.565	11.305	10.235	9.665	10.955	11.675	11.945	11.725	9.275	8.475	9.915	8.755	10.705	9.845	12.215	12.505	13.505	12.055	13.265	13.975	8.365	15.035	13.635	9.575	10.315				10.836	
8.985	11.355	10.465	12.605	10.105	11.675	9.915	9.365	13.155	11.025	10.815	11.855	13.405	11.545	11.315	10.195	9.685	10.975	11.685	11.925	11.715	9.185	8.485	9.895	8.715	10.705	9.745	12.225	12.495	13.515	12.065	13.245	13.995	8.245	15.055	13.685	9.505	10.315				10.86	
8.895	11.305	10.445	12.595	10.065	11.695	9.795	9.385	13.105	11.035	10.755	11.855	13.415	11.525	11.325	10.155	9.695	10.995	11.685	11.905	11.675	9.135	8.505	9.865	8.675	10.685	9.655	12.245	12.475	13.515	12.085	13.115	14.025	8.145	15.065	13.735	9.415	10.315				10.857	
8.835	11.255	10.435	12.565	10.025	11.705	9.765	9.395	13.045	11.035	10.705	11.845	13.425	11.525	11.325	10.115	9.695	11.015	11.685	11.895	11.635	9.075	8.515	9.825	8.635	10.695	9.545	12.265	12.475	13.515	12.115	13.045	14.065	8.435	15.095	13.795	9.295	10.325				10.86	
8.775	11.195	10.435	12.555	9.965	11.695	9.715	9.435	12.975	11.035	10.645	11.845	13.435	11.495	11.325	10.075	9.705	11.035	11.675	11.865	11.595	8.945	8.535	9.795	8.565	10.715	9.445	12.275	12.445	13.485	12.165	12.965	14.095	8.875	15.095	13.835	9.195	10.315				10.859	
8.695	11.135	10.425	12.495	9.925	11.685	9.695	9.455	12.925	11.015	10.575	11.845	13.435	11.465	11.325	10.045	9.715	11.035	11.675	11.815	11.555	8.825	8.565	9.775	8.515	10.715	9.325	12.285	12.435	13.435	12.175	12.895	14.135	8.735	15.125	13.915	9.105	10.325				10.859	
8.585	11.055	10.415	12.455	9.885	11.665	9.675	9.465	12.865	10.995	10.495	11.835	13.435	11.435	11.325	9.995	9.695	11.035	11.665	11.755	11.515	8.725	8.585	9.755	8.475	10.705	9.205	12.285	12.405	13.405	12.195	12.815	14.155	8.715	15.105	13.985	9.015	10.315				10.86	
8.485	10.985	10.395	12.405	9.855	11.645	9.635	9.475	12.795	10.975	10.405	11.835	13.435	11.385	11.325	9.755	9.695	11.035	11.645	11.705	11.475	8.615	8.595	9.725	8.425	10.715	9.125	12.305	12.375	13.355	12.205	12.755	14.175	7.525	15.095	14.045	8.925	10.305				10.83	
8.395	10.905	10.375	12.345	9.835	11.625	9.595	9.455	12.725	10.945	10.315	11.835	13.415	11.335	11.295	9.885	9.695	11.035	11.605	11.655	11.435	8.485	8.615	9.705	8.375	10.705	9.085	12.315	12.355	13.295	12.205	12.695	14.205	7.405	15.115	14.095	8.865	10.295				10.822	
8.335	10.815	10.355	12.235	9.805	11.595	9.555	9.465	12.645	10.895	10.225	11.825	13.405	11.285	11.275	9.835	9.695	11.045	11.575	11.615	11.395	8.365	8.625	9.675	8.325	10.695	9.135	12.325	12.325	13.245	12.205	12.625	14.215	7.215	15.115	14.155	8.795	10.285				10.799	
8.265	10.725	10.325	12.195	9.775	11.575	9.515	9.485	12.565	10.845	10.135	11.795	13.395	11.225	11.245	9.795	9.585		11.545	11.575	11.355	8.205	8.635	9.675	8.225	10.695	9.245	12.325	12.295	13.185	12.205	12.575	14.205	7.105	15.085	14.185	8.745	10.265				10.752	
8.195	10.625	10.295	12.115	9.745	11.535	9.525	9.485	12.465	10.775	10.015	11.765	13.355	11.195	11.205	9.755	9.675		11.515	11.555	11.285	8.075	8.635	9.645	8.135	10.705	9.395	12.325	12.255	13.095	12.195	12.515	14.175	6.975	15.055	14.205	8.685	10.255				10.714	
8.135	10.515	10.265	12.055	9.705	11.495	9.505	9.465	12.385	10.705	9.875	11.725	13.335	11.155	11.165	9.715	9.635		11.465	11.535	11.225	7.915	8.645	9.625	8.055	10.695	9.495	12.325	12.215	13.025	12.185	12.455	14.135	6.935	14.995	14.215	8.595	10.235				10.688	
8.075	10.395	10.235	11.925	9.655	11.455	9.495	9.465	12.285	10.625	9.755	11.675	13.315	11.105	11.045	9.635	9.585		11.405	11.515	11.145	7.825	8.645	9.615	7.915	10.705	9.625	12.325	12.195	12.965	12.175	12.405	14.095	6.865	14.985	14.235	8.535	10.225				10.649	
8.005	10.265	10.205	11.855	9.595	11.395	9.455	9.455	12.205	10.545	9.635	11.625	13.265	11.055	10.945	9.565	9.525		11.315	11.455	11.065	7.775	8.645	9.605	7.865	10.695	9.685	12.325	12.175	12.895	12.145	12.345	14.025	6.955	14.885	14.235	8.355	10.195				10.58	
7.925	10.105	10.165	11.785	9.525	11.325	9.325	9.455	12.125	10.455	9.505	11.555	13.225	11.065	10.845	9.505	9.425		11.255	11.385	10.965	7.705	8.645	9.585	7.775	10.705	9.705	12.315	12.125	12.835	12.145	12.305	13.915	7.075	14.835	14.235	8.225	10.145				10.513	
7.835	9.895	10.125	11.695	9.455	11.255	9.255	9.445	12.025	10.355	9.395	11.475	13.185	10.895	10.795	9.425	9.345		11.195	11.335	10.875	7.645	8.645	9.565	7.675	10.705	9.665	12.285	12.085	12.755	12.135	12.245	13.885	7.245	14.775	14.235	8.195	10.065				10.46	
7.755	9.745	10.055	11.525	9.395	11.195	9.205	9.445	11.935	10.245	9.275	11.395	13.135	10.885	10.755	9.325	9.255		11.125	11.315	10.775	7.545	8.645	9.545	7.565	10.705	9.635	12.275	12.065	12.685	12.105	12.195	13.825	7.325	14.715	14.235	8.145	9.985				10.405	
7.695	9.585	9.975	11.465	9.335	11.125	9.155	9.425	11.845	10.125	9.145	11.285	13.065	10.705	10.675	9.235	9.155		10.975	11.285	10.665	7.435	8.645	9.515	7.475	10.705	9.575	12.235	12.015	12.625	12.105	12.135	13.725	7.375	14.645	14.225	8.085	9.945				10.328	
7.625	9.435	9.905	11.395	9.295	11.035	9.055	9.395	11.755	10.005	8.995	11.165	12.995	10.535	10.555	9.195	9.055		10.795	11.235	10.575	7.295	8.635	9.505	7.405	10.705	9.535	12.215	11.975	12.575	12.075	12.085	13.655	7.425		14.225	8.035	9.895				10.251	
7.525	9.295	9.825	11.275	9.285	10.955	8.975	9.355	11.665	9.875	8.875	11.015	12.925	10.445	10.465	9.115	8.975		10.595	11.195	10.475	7.165	8.625	9.485	7.335	10.705	9.465	12.175	11.885	12.495	12.065	11.535	13.555	7.505	14.465	14.215	7.985	9.855				10.165	
7.425	9.155	9.735	11.185	9.245	10.865	8.885	9.305	11.565	9.735	8.795	10.845	12.845	10.355	10.375	8.985	8.885		10.415	10.635	10.375	7.045	8.605	9.465	7.295	10.705	9.355	12.135	11.765	12.435	12.025	11.995	13.395	7.495	14.405	14.185	7.915	9.795				10.08	
7.315	9.015	9.635	11.085	9.225	10.755	8.825	9.255	11.475	9.605	8.675	10.675	12.765	10.165	10.265	8.875	8.715		10.215	11.065	10.275	6.945	8.575	9.445	7.195	10.715	9.225	12.075	11.675	12.365	11.995	11.935	13.345	7.475	14.315	14.155	7.825	9.735				10.024	
