		5.90		7.80	5.80	4.58	7.97	6.98	7.93	3.49	5.11	5.67	6.86	5.53	6.50	4.75	5.37	6.96	5.39	4.65	6.36	7.91	5.62	6.05	4.50	4.25	6.90	6.36	6.68	5.90	2.82	7.80	8.11	5.72	6.48	4.75	7.46	7.05	7.66	7.29	7.42	8.31	4.24	8.69	8.86	4.15	5.63	5.32	1.90	6.92	6.4
	4.73	5.77		7.79	5.79	4.43	7.93	6.85	7.89	3.35	5.03	5.54	6.76	5.54	6.45	4.70	5.31	6.90	5.27	4.51	6.22	7.86	5.54	5.95	4.41	4.21	6.87	6.25	6.62	5.76	2.82	7.78	8.09	5.68	6.48	4.63	7.42	6.97	7.61	7.27	7.39	8.24	4.20	8.63	8.82	4.08	5.54	5.19	1.94	6.91	6.12
	4.65	5.63		7.74	5.66	4.25	7.90	6.69	7.85	3.23	4.96	5.44	6.66	5.51	6.40	4.62	5.26	6.85	5.18	4.47	6.10	7.81	5.43	5.85	4.37	4.17	6.86	6.20	6.58	5.61	2.42	7.76	8.08	5.65	6.48	4.53	7.37	6.88	7.56	7.23	7.34	8.17	4.12	8.58	8.77	3.98	5.46	5.08	1.94	6.88	6.11
	4.55	5.49		7.68	5.72	4.09	7.85	6.53	7.80	3.12	4.86	5.33	6.57	5.52	6.36	4.54	5.21	6.75	5.09	4.29	5.98	7.74	5.31	5.76	4.32	4.07	6.80	6.17	6.53	5.54	2.28	7.74	8.06	5.61	6.47	4.49	7.32	6.78	7.49	7.18	7.30	8.10	3.99	8.51	8.73	3.88	5.34	4.85	1.98	6.82	6.105
	4.44	5.37		7.64	5.65	3.95	7.80	6.35	7.77	3.02	4.79	5.18	6.44	5.50	6.32	4.44	5.19	6.65	4.98	4.19	5.85	7.67	5.21	5.69	4.26	4.02	6.74	6.08	6.47	5.41	2.24	7.72	8.04	5.53	6.45	4.31	7.26	6.66	7.44	7.13	7.27	8.04	3.84	8.46	8.68	3.79	5.22	4.69	2.08	6.78	6.075
	4.33	5.20		7.59	5.60	3.81	7.76	6.18	7.72	2.92	4.57	5.05	6.37	5.45	6.32	4.34	5.20	6.56	4.89	4.10	5.73	7.61	5.11	5.62	4.16	3.99	6.67	5.70	6.33	5.35	2.22	7.70	8.04	5.45	6.40	4.16	7.20	6.62	7.39	7.08	7.22	7.95	3.66	8.41	8.59	3.73	5.13	4.51	2.10	6.71	6.06
	4.17	5.17		7.54	5.55	3.71	7.72	6.03	7.67	2.79	4.44	4.91	6.29	5.43	6.32	4.24	5.18	6.44	4.78	3.97	5.60	7.57	5.02	5.52	4.06	3.98	6.57	5.60	6.23	5.33	2.14	7.67	8.00	5.36	6.34	3.97	7.14	6.38	7.34	7.02	7.13	7.87	3.46	8.34	8.52	3.69	5.07	4.35	2.00	6.66	6.06
	4.00	4.91		7.50	5.49	3.59	7.70	5.88	7.63	2.69	4.32	4.79	6.19	5.36	6.33	4.15	5.14	6.35	4.77	3.93	5.44	7.51	4.92	5.44	3.98	4.01	6.48	5.49	6.14	5.23	2.05	7.63	7.97	5.29	6.29	3.80	7.04	6.25	7.29	6.94	7.09	7.79	3.26	8.31	8.43	3.61	4.98	4.14	2.05	6.60	6.06
	3.81	4.84		7.46	5.44	3.47	7.65	5.73	7.56	2.59	4.20	4.64	6.09	5.23	6.33	4.03	5.11	6.28	4.56	3.88	5.33	7.46	4.83	5.36	3.93	4.03	6.27	5.27	6.03	5.19	2.00	7.59	7.93	5.16	6.21	3.63	6.95	6.11	7.24	6.88	7.09	7.72	3.07	8.23	8.35	3.48	4.88	4.00	2.05	6.59	6.055
	3.64	4.66		7.43	5.36	3.36	7.59	5.59	7.49	2.48	4.05	4.48	5.99	5.18	6.32	3.95	5.08	6.20	4.45	3.83	5.20	7.41	4.76	5.28	3.96	4.05	6.19	5.10	5.93	5.06	1.95	7.55	7.90	5.06	6.13	3.48	6.86	5.99	7.16	6.78	7.04	7.65	2.87	8.18	8.26	3.32	4.79	3.90	2.05	6.53	6.035
	3.48	4.55		7.39	5.33	3.22	7.53	5.48	7.41	2.39	3.94	4.33	5.87	5.09	6.31	3.94	5.08	6.10	4.36	3.77	5.09	7.36	4.69	5.18	3.93	4.05	6.13	4.95	5.82	4.97	1.89	7.51	7.87	4.95	6.05	3.37	6.78	5.87	7.13	6.70	6.99	7.58	2.74	8.10	8.18	3.17	4.69	3.71	2.00	6.45	6.02
	3.35	4.43		7.34	5.29	3.11	7.49	5.35	7.33	2.31	3.87	4.19	5.74	4.96	6.30	3.97	5.13	5.99	4.23	3.78	5.00	7.32	4.64	5.10	3.85	4.07	6.02	4.77	5.71	4.88	1.84	7.47	7.85	4.84	5.97	3.30	6.74	5.79	7.07	6.60	6.88	7.49	2.62	8.02	8.09	3.05	4.64	3.57	2.05	6.39	6.015
	3.20	4.31		7.30	5.24	2.97	7.43	5.21	7.24	2.22	3.79	4.09	5.59	4.84	6.29	3.95	5.15	5.89	4.09	3.68	4.89	7.27	4.59	5.03	3.73	4.10	5.96	4.47	5.61	4.81	1.81	7.43	7.79	4.68	5.89	3.19	6.69	5.72	7.01	6.50	6.77	7.43	2.52	7.92	7.99	2.89	4.61	3.43	2.00	6.34	5.995
	3.11	4.18		7.27	5.17	2.90	7.35	5.05	7.16	2.12	3.69	3.99	5.45	4.75	6.27	3.85	5.15	5.80	3.97	3.50	4.76	7.22	4.52	4.93	3.62	4.11	5.86	4.12	5.52	4.79	1.82	7.49	7.75	4.59	5.81	3.10	6.62	5.64	6.95	6.41	6.72	7.35	2.48	7.86	7.89	2.78	4.62	3.29	1.80	6.32	5.98
	3.02	4.10		7.23	5.12	2.85	7.30	4.93	7.07	2.02	3.75	3.88	5.29	4.63	6.25	3.79	5.13	5.68	3.87	3.44	4.63	7.19	4.44	4.77	3.52	4.03	5.83	4.20	5.43	4.78	1.74	7.35	7.70	4.48	5.72	3.01	6.60	5.57	6.90	6.32	6.67	7.28	2.40	7.79	7.79	2.68	4.58	3.22	1.68	6.16	5.97
	2.92	4.08		7.20	5.07	2.80	7.23	4.83	6.99	1.93	3.70	3.74	5.14	4.53	6.19	3.69	5.11	5.55	3.83	3.37	4.47	7.13	4.44	4.69	3.41	3.93	5.79	4.20	5.37	4.76	1.75	7.31	7.63	4.40	5.58	2.84	6.47	5.51	6.84	6.16	6.62	7.20	2.26	7.71	7.71	2.60	4.49	3.15	1.60	6.22	5.955
	2.89	4.08		7.16	5.04	2.76	7.15	4.73	6.90	1.84	3.72	3.64	5.01	4.47	6.20	3.69	5.08	5.44	3.77	3.28	4.33	7.08	4.42	4.58	3.26	3.84	5.72	4.12	5.27	4.70	1.71	7.27	7.57	4.21	5.47	2.67	6.39	5.46	6.78	6.04	6.57	7.12	2.16	7.63	7.61	2.53	4.44	3.07	1.65	6.16	5.94
	2.87	4.05		7.14	5.01	2.73	7.07	4.56	6.79	1.79	3.63	3.53	4.90	4.39	6.20	3.50	5.05	5.33	3.74	3.20	4.21	7.03	4.40	4.47	3.11	3.78	5.66	4.02	5.23	4.67	1.75	7.23	7.49	4.10	5.37	2.57	6.30	5.41	6.72	5.95	6.53	7.04	2.08	7.55	7.51	2.47	4.39	2.96	1.68	6.06	5.93
	2.83	3.97		7.12	5.01	2.66	7.00	4.44	6.71	1.74	3.54	3.41	4.78	4.29	6.18	3.37	5.00	5.22	3.70	3.07	4.06	6.98	4.36	4.33	3.01	3.58	5.63	3.92	5.19	4.63	1.79	7.19	7.45	3.98	5.28	2.54	6.20	5.39	6.64	5.87	6.52	6.96	2.09	7.52	7.40	2.38	4.34	2.89	1.66	6.00	5.93
	2.79	3.88		7.10	5.05	2.60	6.92	4.33	6.61	1.69	3.44	3.31	4.68	4.18	6.14	3.23	4.95	5.09	3.65	2.92	3.95	6.93	4.30	4.22	2.99	3.65	5.61	3.84	5.18	4.58	1.79	7.13	7.34	3.88	5.20	2.54	6.11	5.39	6.56	5.69	6.46	6.88	1.96	7.43	7.29	2.29	4.28	2.85	1.53	5.98	5.92
	2.74	3.81		7.08	5.08	2.55	6.85	4.25	6.49	1.62	3.34	3.19	4.59	4.06	6.09	3.08	4.92	4.96	3.60	2.80	3.87	6.85	4.20	4.10	2.87	3.72	5.57	3.74	5.16	4.55	1.78	7.07	7.24	3.86	5.11	2.61	5.98	5.38	6.51	5.60	6.45	6.80	1.94	7.40	7.19	2.23	4.18	2.84	1.44	5.92	5.91
	2.69	3.80		7.08	5.12	2.50	6.80	4.17	6.37	1.52	3.22	3.09	4.50	3.92	6.03	2.95	4.82	4.86	3.55	2.72	3.81	6.80	4.13	3.96	2.74	3.79	5.53	3.69	5.09	4.53	1.83	7.02	7.16	3.88	5.00	2.48	5.85	5.36	6.44	5.43	6.38	6.73	1.87	7.33	7.09	2.21	4.08	2.87	1.36	5.86	5.91
	2.63	3.83		7.05	5.13	2.46	6.73	4.05	6.29	1.74	3.10	3.00	4.45	3.77	5.94	2.83	4.75	4.74	3.53	2.64	3.75	6.73	4.03	3.80	2.63	3.74	5.45	3.64	5.07	4.47	1.76	6.96	7.05	3.90	4.89	2.41	5.72	5.30	6.36	5.44	6.30	6.67	1.83	7.26	6.99	2.19	3.98	2.89	1.38	5.81	5.895
	2.54	3.93		7.03	5.13	2.48	6.65	3.95	6.17	1.80	2.98	2.89	4.40	3.63	5.85	2.72	4.71	4.64	3.52	2.58	3.71	6.65	3.93	3.70	2.54	3.68	5.37	3.56	5.08	4.42	1.69	6.88	6.95	3.91	4.78	2.45	5.61	5.22	6.27	5.22	6.22	6.61	1.80	7.22	6.87	2.15	3.88	2.91	1.42	5.75	5.855
	2.45	3.98		7.00	5.11	2.50	6.58	3.87	6.05	1.85	2.82	2.80	4.32	3.48	5.76	2.58	4.66	4.51	3.45	2.54	3.63	6.57	3.84	3.60	2.44	3.58	5.31	3.59	5.06	4.56	1.62	6.83	6.88	3.97	4.69	2.48	5.52	5.14	6.17	5.22	6.12	6.56	1.75	7.15	6.77	2.12	3.78	2.99	1.35	5.63	5.82
	2.40	4.01		6.98	5.08	2.50	6.48	3.81	5.95	1.84	2.69	2.76	4.27	3.33	5.64	2.49	4.54	4.41	3.48	2.50	3.53	6.50	3.73	3.52	2.33	3.46	5.17	3.48	5.00	4.55	1.57	6.77	6.71	4.02	4.54	2.47	5.44	5.09	6.07	5.13	6.02	6.50	1.70	7.03	6.67	2.12	3.70	3.10	1.24	5.68	5.775
	2.35	4.01		6.95	5.03	2.37	6.40	3.74	5.85	1.76	2.57	2.72	4.20	3.19	5.49	2.39	4.44	4.37	3.57	2.56	3.47	6.44	3.63	3.44	2.23	3.34	5.13	3.25	4.97	4.55	1.57	6.72	6.60	4.06	4.42	2.37	5.38	5.01	5.98	5.01	5.92	6.45	1.69	6.93	6.56	2.13	3.66	3.20	1.22	5.63	5.605
	2.33	3.93		6.90	4.98	2.28	6.32	3.63	5.75	1.78	2.49	2.69	4.10	3.06	5.36	2.30	4.33	4.31	3.58	2.55	3.37	6.36	3.53	3.32	2.15	3.29	4.99	3.00	4.91	4.55	1.55	6.66	6.50	4.05	4.32	2.25	5.28	4.87	5.88	4.92	5.83	6.40	1.66	6.80	6.44	2.08	3.60	3.24	1.32	5.50	5.675
	2.35	3.83		6.88	4.94	2.20	6.20	3.51	5.64	1.72	2.41	2.63	3.94	2.96	5.24	2.21	4.24	4.23	3.61	2.57	3.26	6.27	3.41	3.18	2.15	3.20	4.85	2.99	4.87	4.58	1.51	6.61	6.40	4.02	4.21	2.16	5.16	4.80	5.79	4.88	5.75	6.36	1.65	6.69	6.35	2.07	3.58	3.30	1.34	5.40	5.6
	2.42	3.72		6.83	4.88	2.15	6.10	3.37	5.54	1.67	2.34	2.54	3.84	2.87	5.12	2.14	4.14	4.19	3.65	2.54	3.15	6.16	3.32	3.07	2.14	3.11	4.73	2.95	4.79	4.60	1.50	6.55	6.30	3.96	4.08	2.09	5.04	4.70	5.71	4.86	5.67	6.32	1.71	6.56	6.26	2.00	3.49	3.28	1.37	5.35	5.5
	2.45	3.70		6.79	4.84	2.10	6.02	3.24	5.45	1.60	2.25	2.49	3.67	2.82	4.99	2.07	4.16	4.15	3.70	2.45	3.04	6.05	3.25	2.97	2.11	3.08	4.58	2.93	4.66	4.62	1.50	6.49	6.22	3.87	3.98	2.04	4.88	4.61	5.61	4.75	5.61	6.27	1.73	6.38	6.17	2.00	3.39	3.16	1.32	5.27	5.41
5.08	2.45	3.51	4.97	6.75	4.82	2.04	5.92	3.11	5.37	1.55	2.19	2.44	3.56	2.78	4.87	2.07	4.03	4.10	3.68	2.42	2.95	6.00	3.16	2.87	2.11	3.08	4.45	2.91	4.60	4.65	1.49	6.46	6.14	3.70	3.84	1.98	4.76	4.52	5.51	4.73	5.55	6.21	1.73	6.20	6.08	1.99	3.30	3.13	1.34	5.17	5.4
5.00	2.46	3.43	4.84	6.71	4.80	1.98	5.82	3.02	5.29	1.55	2.15	2.45	3.50	2.72	4.80	2.08	3.98	4.01	3.67	2.38	2.87	5.91	3.06	2.74	2.13	3.02	4.34	2.82	4.59	4.62	1.48	6.41	6.09	3.51	3.72	2.02	4.64	4.38	5.35	4.68	5.48	6.14	1.70	6.07	5.99	1.95	3.26	3.10	1.36	5.10	5.3
5.00	2.44	3.33	4.74	6.67	4.74	1.95	5.72	2.90	5.22	1.54	2.13	2.46	3.46	2.67	4.72	2.12	3.94	3.89	3.65	2.34	2.80	5.81	2.96	2.62	2.14	2.98	4.30	2.75	4.53	4.57	1.49	6.35	5.95	3.35	3.64	2.02	4.51	4.27	5.29	4.59	5.43	6.09	1.70	5.99	5.89	1.91	3.21	3.10	1.34	4.95	4.8
4.96	2.39	3.26	4.62	6.61	4.69	1.92	5.65	2.79	5.11	1.45	2.10	2.42	3.50	2.65	4.66	2.13	3.86	3.77	3.60	2.28	2.75	5.71	2.88	2.49	2.07	2.89	4.28	2.73	4.43	4.53	1.50	6.30	5.87	3.20	3.55	2.01	4.37	4.19	5.30	4.50	5.31	6.04	1.70	5.86	5.82	1.87	3.21	3.04	1.28	4.85	4.63
4.93	2.34	3.16	4.51	6.55	4.62	1.83	5.57	2.72	5.02	1.43	2.09	2.38	3.55	2.63	4.63	2.10	3.81	3.65	3.55	2.24	2.70	5.62	2.77	2.40	2.04	2.90	4.26	2.74	4.39	4.52	1.47	6.24	5.80	3.07	3.44	1.94	4.24	4.15	5.29	4.41	5.17	5.99	1.68	5.72	5.76	1.82	3.23	2.95	1.26	4.78	4.73
4.83	2.42	3.04	4.42	6.49	4.57	1.73	5.50	2.68	4.92	1.43	2.07	2.38	3.54	2.62	4.60	2.03	3.75	3.53	3.50	2.20	2.65	5.53	2.71	2.31	2.06	2.97	4.28	2.73	4.35	4.49	1.40	6.17	5.73	2.95	3.38	1.92	4.09	4.10	5.27	4.18	5.08	5.94	1.62	5.56	5.70	1.80	3.19	2.98	1.24	4.78	4.645
4.75	2.50	2.92	4.30	6.45	4.48	1.71	5.43	2.70	4.79	1.40	2.00	2.32	3.56	2.60	4.58	1.96	3.82	3.39	3.43	2.13	2.64	5.45	2.72	2.26	2.09	3.01	4.26	2.66	4.24	4.44	1.38	6.12	5.68	2.83	3.41	1.86	4.07	4.04	5.28	4.03	4.98	5.89	1.58	5.41	5.63	1.89	3.14	3.04	1.20	4.62	4.565
4.70	2.72	2.87	4.26	6.41	4.40	1.70	5.33	2.75	4.68	1.35	2.00	2.22	3.67	2.59	4.54	1.92	3.92	3.25	3.36	2.05	2.63	5.40	2.86	2.21	2.10	3.06	4.26	2.53	4.27	4.40	1.43	5.97	5.62	2.76	3.43	1.76	3.85	3.98	5.29	3.91	4.88	5.84	1.57	5.25	5.56	2.03	3.15	3.04	1.14	4.57	4.5
4.68	2.83	2.86	4.22	6.40	4.37	1.68	5.28	2.83	4.58	1.33	2.08	2.11	3.84	2.61	4.49	1.91	4.03	3.14	3.24	1.99	2.64	5.36	3.08	2.14	2.02	3.07	4.20	2.45	4.26	4.38	1.51	6.04	5.70	2.75	3.41	1.69	3.74	3.89	5.29	3.79	4.77	5.79	1.52	5.05	5.50	2.10	3.17	3.01	1.15	4.48	4.425
4.67	2.97	2.89	4.28	6.36	4.35	1.63	5.23	2.90	4.44	1.33	2.21	1.99	3.88	2.62	4.46	1.90	4.11	3.06	3.15	1.96	2.67	5.31	3.27	2.09	1.97	3.04	4.19	2.33	4.36	4.37	1.65	6.01	5.65	2.76	3.38	1.66	3.61	3.79	5.28	3.62	4.66	5.74	1.44	4.94	5.45	2.11	3.14	3.00	1.19	4.38	4.31
4.66	2.94	2.88	4.28	6.30	4.36	1.60	5.20	2.93	4.32	1.32	2.30	1.91	3.89	2.56	4.45	1.93	4.16	2.97	3.01	1.94	2.66	5.27	3.36	2.07	1.94	3.04	4.18	2.29	4.41	4.34	1.88	5.99	5.45	2.75	3.31	1.62	3.47	3.73	5.23	3.44	4.56	5.68	1.40	4.86	5.42	2.19	3.09	3.03	1.20	4.27	4.2
4.60	2.87	2.83	4.20	6.26	4.43	1.59	5.17	3.01	4.25	1.30	2.30	1.84	3.82	2.50	4.44	1.90	4.23	2.90	2.89	1.94	2.62	5.22	3.37	2.07	1.90	3.08	4.17	2.23	4.45	4.34	2.20	5.91	5.36	2.69	3.19	1.62	3.34	3.72	5.18	3.30	4.52	5.63	1.38	4.84	5.39	2.32	3.06	3.19	1.11	4.18	4.06
4.56	2.78	2.85	4.14	6.19	4.48	1.58	5.16	3.08	4.19	1.28	2.30	1.77	3.74	2.44	4.40	1.93	4.30	2.83	2.80	2.02	2.66	5.14	3.36	2.09	1.85	3.07	4.11	2.20	4.50	4.35	2.58	5.95	5.25	2.58	3.08	1.62	3.23	3.78	5.13	3.20	4.51	5.58	1.40	4.87	5.36	2.42	3.06	3.32	1.14	4.12	3.915
4.48	2.68	2.87	4.07	6.12	4.53	1.57	5.13	3.10	4.13	1.26	2.26	1.70	3.65	2.38	4.38	1.97	4.30	2.80	2.75	2.16	2.71	5.07	3.34	2.11	1.83	3.06	4.01	2.20	4.58	4.36	2.86	5.93	5.15	2.41	2.99	1.82	3.12	3.99	5.07	3.11	4.47	5.54	1.42	4.82	5.31	2.52	3.04	3.41	1.20	4.04	3.785
4.38	2.57	2.88	3.98	6.08	4.58	1.56	5.16	3.03	4.09	1.26	2.21	1.77	3.55	2.36	4.35	2.01	4.29	2.76	2.75	2.16	2.45	5.02	3.33	2.15	1.86	3.02	3.94	2.10	4.61	4.41	2.90	5.92	5.04	2.28	2.93	1.87	3.06	4.13	4.97	3.08	4.43	5.49	1.46	4.76	5.27	2.60	3.01	3.47	1.17	3.97	3.685
4.27	2.47	2.84	3.95	6.10	4.60	1.55	5.17	2.94	4.09	1.23	2.14	1.78	3.42	2.35	4.34	2.05	4.28	2.72	2.73	2.16	2.74	4.97	3.29	2.17	1.95	3.00	3.89	2.06	4.63	4.45	2.80	5.92	4.95	2.18	2.85	1.96	3.07	4.27	4.83	3.05	4.39	5.45	1.48	4.73	5.22	2.69	2.97	3.50	1.17	3.78	3.58
4.11	2.36	2.73	3.84	6.07	4.60	1.54	5.19	2.85	4.15	1.27	2.06	1.78	3.32	2.31	4.33	1.99	4.27	2.70	2.71	2.19	2.74	4.91	3.22	2.14	2.17	2.91	3.82	2.02	4.58	4.46	2.64	5.91	4.80	2.11	2.76	2.02	3.09	4.38	4.73	2.98	4.34	5.42	1.49	4.62	5.16	2.76	2.94	3.47	1.20	3.76	3.535
3.95	2.28	2.74	3.67	6.02	4.57	1.51	5.20	2.73	4.15	1.33	1.99	1.79	3.28	2.33	4.31	1.93	4.24	2.68	2.75	2.27	2.75	4.84	3.11	2.10	2.34	2.81	3.71	1.98	4.58	4.46	2.53	5.91	4.73	2.07	2.72	2.01	3.08	4.40	4.71	2.91	4.28	5.40	1.54	4.70	5.11	2.82	2.94	3.50	1.22	3.74	3.43
3.83	2.27	2.63	3.58	5.95	4.45	1.49	5.18	2.62	4.09	1.35	1.92	1.80	3.05	2.35	4.34	1.91	4.22	2.65	2.81	2.34	2.76	4.78	3.00	2.07	2.29	2.78	3.62	1.92	4.56	4.43	2.46	5.91	4.65	2.04	2.66	2.03	3.02	4.42	4.60	2.91	4.30	5.37	1.54	4.72	5.07	2.84	2.93	3.50	1.29	3.60	3.325
3.72	2.24	2.52	3.55	5.80	4.43	1.41	5.20	2.57	4.04	1.37	1.81	1.88	2.92	2.30	4.40	1.87	4.19	2.63	2.90	2.40	2.71	4.69	2.89	2.09	2.20	2.67	3.54	1.88	4.54	4.40	2.41	5.93	4.58	2.04	2.57	2.06	2.93	4.39	4.50	2.92	4.38	5.34	1.48	4.72	4.98	2.85	2.89	3.50	1.25	3.46	3.2
3.65	2.19	2.41	3.48	5.78	4.38	1.41	5.22	2.57	3.98	1.38	1.71	1.89	2.86	2.30	4.42	1.83	4.17	2.58	3.03	2.45	2.54	4.59	2.82	2.15	2.06	2.50	3.48	1.86	4.55	4.42	2.36	5.97	4.55	2.05	2.48	2.11	2.77	4.39	4.36	2.89	4.47	5.30	1.45	4.74	4.90	2.85	2.83	3.49	1.32	3.37	2.925
3.60	2.08	2.34	3.54	5.78	4.30	1.37	5.25	2.59	3.91	1.38	1.60	1.87	2.82	2.42	4.45	1.77	4.14	2.51	3.16	2.45	2.45	4.48	2.78	2.22	1.97	2.39	3.42	1.79	4.57	4.42	2.26	6.00	4.56	2.07	2.40	2.21	2.68	4.34	4.30	2.83	4.56	5.25	1.45	4.77	4.82	2.84	2.80	3.42	1.30	3.32	3.025
3.56	1.99	2.32	3.64	5.80	4.23	1.29	5.22	2.69	3.85	1.44	1.61	1.97	2.80	2.53	4.48	1.73	4.10	2.37	3.24	2.45	2.30	4.37	2.76	2.21	1.96	2.29	3.36	1.73	4.57	4.42	2.13	6.02	4.53	2.06	2.42	2.29	2.63	4.28	4.18	2.81	4.67	5.22	1.45	4.77	4.71	2.83	2.81	3.36	1.30	3.19	3.06
3.58	1.97	2.30	3.64	5.82	4.14	1.25	5.17	2.80	3.79	1.44	1.50	1.96	2.82	2.64	4.50	1.71	4.06	2.31	3.31	2.40	2.18	4.29	2.78	2.17	1.96	2.24	3.25	1.70	4.51	4.39	2.02	6.06	4.50	2.03	2.45	2.24	2.60	4.25	4.06	2.79	4.77	5.18	1.43	4.74	4.63	2.80	2.83	3.28	1.32	3.10	3
3.64	2.02	2.28	3.54	5.82	4.06	1.20	5.15	2.83	3.73	1.54	1.45	1.90	2.85	2.92	4.54	1.66	4.06	2.25	3.31	2.32	2.08	4.25	2.78	2.14	1.96	2.20	3.27	1.73	4.48	4.37	1.94	6.10	4.51	2.05	2.45	2.12	2.62	4.21	3.93	2.69	4.81	5.15	1.46	4.67	4.54	2.79	2.79	3.19	1.26	3.02	2.94
3.66	2.13	2.32	3.48	5.83	3.93	1.17	5.11	2.80	3.73	1.69	1.43	1.81	2.97	3.12	4.55	1.64	4.10	2.20	3.30	2.20	1.97	4.25	2.81	2.12	1.96	2.15	3.35	1.75	4.44	4.33	1.90	6.10	4.57	2.09	2.41	2.01	2.68	4.15	3.83	2.54	4.82	5.12	1.51	4.62	4.46	2.77	2.80	3.09	1.28	2.99	2.905
3.71	2.16	2.34	3.43	5.83	3.80	1.14	5.08	2.76	3.77	1.75	1.41	1.72	3.09	3.25	4.52	1.74	4.15	2.15	3.26	2.11	1.90	4.25	2.81	2.15	2.03	2.10	3.38	1.79	4.38	4.28	1.86	6.14	4.63	2.11	2.37	1.88	2.73	4.08	3.74	2.45	4.85	5.11	1.60	4.57	4.36	2.74	2.88	2.99	1.45	2.97	2.93
3.68	2.22	2.44	3.49	5.78	3.65	1.12	5.05	2.79	3.75	1.70	1.48	1.71	3.08	3.42	4.50	1.83	4.15	2.15	3.25	2.03	1.97	4.25	2.78	2.22	2.01	2.07	3.38	1.88	4.34	4.24	1.84	6.15	4.72	2.13	2.34	1.77	2.74	3.99	3.66	2.33	4.90	5.11	1.69	4.54	4.24	2.72	2.98	2.89	1.62	2.93	2.96
3.59	2.24	2.53	3.55	5.75	3.45	1.05	5.01	2.92	3.75	1.54	1.53	1.71	2.97	3.45	4.47	1.84	4.15	2.15	3.27	1.94	2.03	4.28		2.21	2.03	1.95	3.48	1.89	4.33	4.19	1.79	6.19	4.96	2.15	2.34	1.77	2.86	3.88	3.61	2.19	4.91	5.08	1.83	4.51	4.12	2.73	3.07	2.80	1.59	2.92	2.955
3.55	2.18	2.55	3.56	5.74	3.39	1.00	5.00	3.10	3.80	1.59	1.51	1.81	2.84	3.47	4.46	1.83	4.17	2.15	3.38	1.87	2.19	4.31		2.17	2.00	1.90	3.45	1.93	4.21	4.11	1.75	6.21	5.03	2.19	2.34	1.74	2.93	3.75	3.56	2.11	4.87	5.05	1.95	4.48	4.03	2.74	3.19	2.69	1.54	2.94	2.965
3.52	2.10	2.59	3.55	5.68	3.25	0.98	5.00	3.28	3.84	1.55	1.45	1.89	2.76	3.39	4.39	1.77	4.20	2.11	3.49	1.78	2.51	4.30		2.02	1.97	1.95	3.53	2.01	4.20	4.00	1.73	6.23	5.09	2.27	2.32	1.78	2.95	3.64	3.51	2.06	4.86	5.01	2.09	4.49	3.97	2.72	3.34	2.65	1.62	3.00	2.945
3.50	2.08	2.66	3.48	5.64	3.26	0.94	5.01	3.46	3.85	1.51	1.49	1.96	2.79	3.40	4.35	1.87	4.23	2.07	3.57	1.73	2.74	4.27		1.95	1.94	2.03	3.65	2.01	4.22	3.86	1.71	6.26	5.14	2.33	2.25	1.83	2.95	3.55	3.50	1.99	4.86	4.97	2.14	4.52	3.89	2.73	3.42	2.59	1.76	3.03	2.95
3.49	2.06	2.84	3.45	5.57	3.28	0.98	4.97	3.60	3.85	1.44	1.56	2.00	2.60	3.38	4.31	1.94	4.22	2.05	3.64	1.67	2.77	4.20		1.95	1.92	2.00	3.76	1.91	4.24	3.91	1.60	6.29	5.18	2.36	2.18	1.90	3.02	3.50	3.48	1.89	4.75	4.95	2.09	4.60	3.80	2.79	3.59	2.54	1.75	3.04	2.95
3.46	2.12	2.94	3.45	5.55	3.32	0.99	4.92	3.73	3.87	1.43	1.67	1.97	2.55	3.31	4.30	2.06	4.21	2.06	3.68	1.67	2.66	4.12		2.06	1.93	2.04	3.84	1.94	4.31	3.73	1.49	6.31	5.20	2.31	2.09	2.01	3.03	3.52	3.41	1.85	4.72	4.95	2.03	4.70	3.75	2.82	3.66	2.51	1.68	3.06	2.905
3.42	2.24	3.01	3.36	5.55	3.30	1.04	4.82	3.88	3.90	1.41	1.83	1.95	2.45	3.27	4.29	2.16	4.21	2.09	3.70	1.59	2.52	4.07		2.19	1.98	2.03	3.88	1.90	4.36	3.52	1.44	6.34	5.23	2.26	2.04	2.10	3.01	3.59	3.38	1.84	4.69	4.95	2.05	4.76	3.69	2.85	3.65	2.51	1.66	3.00	2.74
3.39	2.36	3.03	3.24	5.57	3.27	1.15	4.73	3.98	3.92	1.40	1.99	1.98	2.36	3.30	4.28	2.27	4.21	2.19	3.72	1.58	2.42	4.03		2.29	2.07	2.05	3.90	1.91	4.44	3.40	1.44	6.36	5.25	2.31	1.95	2.14	2.93	3.65	3.29	1.84	4.66	4.92	2.12	4.82	3.64	2.85	3.65	2.49	1.60	3.04	2.66
3.33	2.31	2.99	3.15	5.55	3.20	1.23	4.62	4.03	3.95	1.44	2.08	2.13	2.32	3.31	4.22	2.16	4.21	2.26	3.73	1.58	2.30	4.01		2.42	2.04	2.12	3.90	1.88	4.47	3.31	1.44	6.38	5.27	2.50	1.91	2.19	2.83	3.70	3.27	1.82	4.66	4.90	2.20	4.87	3.59	2.85	3.65	2.44	1.58	3.08	2.735
3.26	2.21	2.93	3.08	5.54	3.15	1.30	4.60	4.06	3.97	1.40	2.14	2.31	2.28	3.43	4.20	2.17	4.15	2.32	3.75	1.65	2.14	4.01		2.57	1.93	2.17	3.95	1.95	4.54	3.20	1.49	6.40	5.27	2.80	1.92	2.17	2.77	3.76	3.34	1.89	4.66	4.88	2.38	4.87	3.54	2.84	3.66	2.40	1.55	3.13	2.86
3.20	2.18	2.90	3.10	5.52	3.10	1.27	4.60	4.04	4.00	1.35	2.15	2.51	2.26	3.56	4.17	2.01	4.11	2.37	3.73	1.77	2.02	4.01		2.67	1.82	2.21	3.91	1.99	4.64	3.23	1.58	6.43	5.30	2.90	1.95	2.08	2.78	3.78	3.45	2.01	4.69	4.85	2.52	4.87	3.51	2.81	3.68	2.40	1.57	3.18	2.92
3.14	2.08	2.74	3.17	5.52	3.08	1.23	4.58	3.97	4.00	1.20	2.15	2.63	2.23	3.65	4.11	2.07	4.07	2.36	3.69	1.87	1.90	4.03		2.71	1.76	2.36	3.87	2.01	4.71	3.05	1.65	6.44	5.31	3.00	1.95	1.98	2.80	3.80	3.68	2.14	4.68	4.84	2.51	4.91	3.50	2.82	3.75	2.40	1.60	3.26	2.95
3.09	1.98	2.63	3.24	5.50	3.05	1.25	4.65	3.97	3.95	1.15	2.15	2.75	2.23	3.71	4.04	2.20	4.02	2.30	3.62	1.88	1.85	4.08		2.80	1.76	2.52	3.83	2.07	4.76	2.98	1.69	6.46	5.30	3.00	1.93	1.88	2.80	3.77	3.81	2.29	4.64	4.85	2.57	4.95	3.49	2.82	3.85	2.38	1.67	3.44	3.22
3.03	1.89	2.50	3.28	5.45	3.02	1.41	4.72	3.94	3.86	1.05	2.26	2.83	2.15	3.76	3.96	2.32	3.94	2.32	3.58	1.91	1.79	4.16		2.97	1.82	2.67	3.81	2.13	4.77	2.93	1.72	6.48	5.29	3.10	1.85	1.78	2.78	3.74	3.91	2.42	4.61	4.84	2.59	4.99	3.49	2.82	3.90	2.40	1.72	3.60	3.2
2.99	1.84	2.41	3.30	5.42	3.06	1.47	4.73	3.89	3.80	1.00	2.35	2.86	2.10	3.80	3.90	2.32	3.85	2.33	3.57	1.93	1.79	4.25		3.13	1.89	2.72	3.79	2.22	4.82	2.90	1.73	6.50	5.26	3.10	1.85	1.70	2.75	3.73	3.98	2.50	4.64	4.78	2.62	5.03	3.46	2.82	3.89	2.39	1.72	3.65	3.115
2.96	1.81	2.32	3.36	5.40	3.09	1.48	4.70	3.80	3.78	1.03	2.31	2.81	2.05	3.85	3.85	2.37	3.68	2.31	3.56	1.88	1.85	4.30		3.24	1.85	2.56	3.78	2.30	4.93	2.92	1.70	6.51	5.24	3.00	1.89	1.63	2.67	3.68	4.03	2.53	4.70	4.70	2.65	5.04	3.45	2.82	3.83	2.33	1.70	3.76	3.045
2.96	1.86	2.23	3.40	5.43	3.07	1.49	4.72	3.76	3.73	0.95	2.19	2.73	2.00	3.85	3.85	2.42	3.54	2.29	3.56	1.81	1.87	4.35		3.28	1.79	2.48	3.79	2.49	5.21	2.99	1.67	6.52	5.22	3.00	1.94	1.52	2.55	3.62	4.05	2.51	4.74	4.64	2.65	5.05	3.44	2.85	3.80	2.27	1.66	3.86	2.89
2.99	1.96	2.23	3.39	5.40	3.03	1.57	4.74	3.69	3.74	0.93	2.08	2.67	1.96	3.81	3.85	2.43	3.39	2.27	3.58	1.80	1.91	4.37		3.29	1.72	2.50	3.83	2.64	5.22	3.08	1.64	6.54	5.21	2.90	2.07	1.58	2.42	3.52	4.05	2.37	4.80	4.60	2.59	5.06	3.42	2.95	3.78	2.13	1.64	3.97	2.83
2.99	2.04	2.21	3.34	5.41	2.89	1.71	4.73	3.62	3.75	1.01	1.94	2.54	1.98	3.80	3.85	2.40	3.26	2.26	3.63	1.85	1.92	4.40		3.28	1.73	2.47	3.90	2.73	5.23	3.12	1.60	6.55	5.20	2.80	2.16	1.70	2.30	3.45	4.03	2.40	4.88	4.58	2.53	5.08	3.42	3.08	3.78	2.05	1.60	4.09	2.785
2.96	2.16	2.24	3.27	5.40	2.75	1.78	4.75	3.55	3.77	1.10	1.79	2.41	2.01	3.75	3.85	2.37	3.14	2.20	3.64	1.94	1.86	4.44		3.25	1.85	2.36	3.92	2.73	5.28	3.16	1.62	6.55	5.18	2.80	2.32	1.93	2.22	3.37	4.04	2.46	4.89	4.60	2.52	5.11	3.45	3.17	3.75	2.07	1.58	4.20	2.72
3.03	2.38	2.12	3.19	5.45	2.67	1.86	4.77	3.52	3.77	1.18	1.69	2.36	2.05	3.69	3.83	2.33	2.99	2.13	3.65	1.98	1.79	4.50		3.19	1.93	2.45	3.92	2.65	5.35	3.27	1.62	6.56	5.17	2.82	2.49	2.15	2.15	3.30	4.10	2.54	4.90	4.67	2.56	5.11	3.45	3.26	3.72	2.19	1.62	4.26	
3.15	2.51	2.07	3.07	5.49	2.65	1.84	4.78	3.50	3.78	1.29	1.55	2.33	2.05	3.59	3.80	2.30	2.89	2.05	3.64	1.99	1.74	4.55		3.10	2.00	2.59	3.98	2.38	5.41	3.41	1.61	6.58	5.15	2.89	2.56	2.37	2.15	3.29	4.20	2.54	4.88	4.73	2.63	5.12	3.47	3.31	3.72	2.45	1.70	4.32	
3.26	2.73	1.98	2.96	5.56	2.77	1.70	4.78	3.49	3.88	1.35	1.59	2.30	2.13	3.52	3.83	2.31	2.80	2.07	3.58	2.01	1.70	4.56		2.99	1.96	2.73	4.01	2.25	5.42	3.51	1.59	6.59	5.07	3.02	2.73	2.57	2.14	3.31	4.25	2.75	4.87	4.78	2.74	5.14	3.51	3.33	3.73	2.60	1.82	4.36	
3.30	2.83	1.92	2.82	5.57	2.94	1.60	4.73	3.48	3.87	1.39	1.55	2.35	2.19	3.39	3.86	2.29	2.75	2.18	3.60	2.02	1.68	4.57		2.84	1.91	2.81	4.03	2.28	5.55	3.59	1.58	6.59	5.02	3.16	2.90	2.70	2.08	3.37	4.26	2.84	4.85	4.85	2.87	5.19	3.54	3.38	3.72	2.89	1.95	4.37	
3.30	2.94	1.89	2.69	5.59	3.14	1.56	4.71	3.48	3.90	1.32	1.55	2.38	2.20	3.24	3.94	2.21	2.70	2.29	3.61	1.99	1.65	4.58		2.65	1.83	2.86	4.07	2.34	5.55	3.59	1.60	6.59	4.95	3.32	3.07	2.80	1.99	3.47	4.29	2.91	4.80	4.96	2.95	5.21	3.58	3.42	3.70	3.14	1.92	4.41	
3.24	2.93	1.93	2.65	5.62	3.33	1.62	4.69	3.47	3.94	1.35	1.61	2.54	2.15	3.12	3.96	2.14	2.65	2.38	3.56	1.96	1.51	4.60		2.50	1.74	2.86	4.07	2.54	5.57	3.58	1.71	6.58	4.89	3.53	3.23	2.82	1.95	3.51	4.38	2.96	4.82	5.07	2.92	5.21	3.64	3.44	3.67	3.30	1.88	4.42	
3.15	2.87	2.00	2.59	5.67	3.55	1.71	4.67	3.50	3.97	1.35	1.72	2.65	2.11	2.94	3.96	2.05	2.66	2.28	3.46	1.86	1.44	4.62		2.40	1.70	2.90	4.10	2.73	5.58	3.53	1.86	6.57	4.83	3.68	3.34	2.70	1.94	3.46	4.49	3.03	4.77	5.12	2.88	5.25	3.72	3.44	3.69	3.31	1.88	4.46	
3.03	2.77	2.04	2.53	5.69	3.71	1.82	4.66	3.50	3.98	1.39	1.90	2.75	2.09	2.85	3.97	1.98	2.75	2.15	3.39	1.83	1.45	4.62		2.24	1.68	3.00	4.08	2.84	5.60	3.45	2.03	6.56	4.80	3.74	3.36	2.59	1.93	3.38	4.59	3.15	4.73	5.16	2.74	5.28	3.83	3.41	3.65	3.33	1.91	4.50	
2.86	2.68	2.07	2.55	5.72	3.81	2.00	4.68	3.46	4.00	1.41	2.13	2.80	2.11	2.80	3.98	2.06	2.80	2.03	3.32	1.86	1.43	4.62		2.21	1.60	3.19	4.06	2.89	5.60	3.36	2.12	6.56	4.81	3.81	3.36	2.54	2.03	3.28	4.64	3.32	4.69	5.21	2.56	5.30	3.90	3.42	3.66	3.33	1.89	4.55	
2.73	2.58	2.07	2.62	5.78	3.81	1.95	4.66	3.43	4.00	1.48	2.32	2.84	2.07	2.75	3.96	2.13	2.81	1.94	3.25	1.87	1.40	4.60		2.28	1.53	3.35	4.05	2.85	5.61	3.25	2.18	6.55	4.82	3.88	3.40	2.52	2.06	3.19	4.76	3.52	4.65	5.25	2.38	5.32	3.96	3.44	3.71	3.28	1.85	4.62	
2.63	2.48	2.13	2.68	5.79	3.86	1.95	4.64	3.40	4.02	1.47	2.57	2.87	2.03	2.70	3.95	2.21	2.80	1.93	3.20	1.85	1.38	4.60		2.46	1.44	3.43	4.05	2.83	5.63	3.11	2.25	6.54	4.78	3.89	3.46	2.48	2.09	3.14	4.81	3.76	4.63	5.29	2.35	5.32	4.01	3.42	3.72	3.21	1.85	4.70	
2.66	2.39	2.17	2.69	5.82	3.92	1.94	4.63	3.35	4.05	1.57	2.70	2.89	2.02	2.58	3.98	2.33	2.82	1.95	3.20	1.82	1.36	4.58	3.14	2.61	1.41	3.50	4.07	2.92	5.62	2.99	2.33	6.53	4.77	3.84	3.50	2.46	2.17	3.15	4.86	3.89	4.68	5.33	2.37	5.34	4.06	3.40	3.70	3.15	1.88	4.76	
2.71	2.32	2.19	2.78	5.87	3.95	1.90	4.61	3.29	4.05	1.67	2.83	2.90	2.01	2.46	4.00	2.47	2.86	2.28	3.23	1.76	1.36	4.59	3.08	2.74	1.42	3.52	4.15	2.97	5.60	2.94	2.39	6.52	4.77	3.79	3.56	2.49	2.40	3.20	4.88	3.98	4.67	5.36	2.46	5.36	4.11	3.40	3.63	3.19	1.88	4.80	
2.78	2.30	2.19	2.91	5.88	4.00	1.83	4.61	3.24	4.07	1.83	2.97	2.80	2.06	2.40	4.01	2.62	2.96	2.54	3.29	1.72	1.37	4.58	3.01	2.84	1.44	3.53	4.24	3.00	5.59	2.89	2.50	6.51	4.77	3.74	3.57	2.54	2.54	3.25	4.88	4.09	4.68	5.39	2.54	5.39	4.15	3.40	3.54	3.32	1.90	4.88	3.54
2.90	2.30	2.20	3.02	5.90	4.00	1.74	4.60	3.20	4.10	2.00	3.13	2.74	2.10	2.36	4.03	2.73	3.02	2.73	3.34	1.80	1.43	4.55	2.93	2.88	1.44	3.56	4.30	3.03	5.58	2.84	2.64	6.50	4.76	3.69	3.54	2.67	2.62	3.32	4.89	4.17	4.72	5.45	2.62	5.40	4.20	3.41	3.45	3.45	1.85	4.94	3.6
3.00	2.34	2.22	3.04	5.94	4.00	1.68	4.56	3.27	4.12	2.08	3.36	2.70	2.15	2.38	4.06	2.70	3.07	2.93	3.45	2.08	1.52	4.51	2.88	2.92	1.42	3.55	4.38	3.06	5.57	2.82	2.77	6.51	4.76	3.63	3.53	2.83	2.60	3.39	4.90	4.24	4.83	5.51	2.68	5.41	4.23	3.44	3.39	3.47	1.87	4.99	3.75
3.08	2.37	2.27	2.97	5.97	3.95	1.63	4.54	3.35	4.10	2.15	3.47	2.64	2.10	2.44	4.10	2.66	3.15	3.09	3.52	2.39	1.65	4.50	2.87	2.92	1.49	3.52	4.44	3.09	5.50	2.82	2.88	6.51	4.75	3.57	3.53	2.89	2.56	3.50	4.89	4.32	4.87	5.55	2.72	5.43	4.25	3.44	3.33	3.47	1.90	5.02	3.975
3.09	2.36	2.27	2.89	5.98	3.89	1.56	4.50	3.40	4.05	2.15	3.53	2.52	2.12	2.46	4.21	2.60	3.20	3.24	3.60	2.63	1.87	4.45	2.92	2.91	1.53	3.51	4.53	3.14	5.57	2.85	3.02	6.52	4.75	3.47	3.53	2.84	2.52	3.63	4.91	4.40	4.84	5.58	2.77	5.46	4.29	3.44	3.30	3.49	1.95	5.06	4.14
3.07	2.34	2.28	2.79	6.01	3.82	1.53	4.47	3.45	4.02	2.15	3.59	2.69	2.24	2.46	4.31	2.53	3.19	3.40	3.62	2.79	2.03	4.42	3.02	2.87	1.48	3.59	4.60	2.97	5.58	2.91	3.19	6.53	4.76	3.37	3.53	2.74	2.60	3.75	4.92	4.49	4.79	5.59	2.88	5.49	4.34	3.42	3.24	3.57	2.05	5.08	4.28
3.02	2.35	2.48	2.67	6.04	3.80	1.48	4.44	3.50	3.98	2.16	3.66	2.76	2.30	2.49	4.41	2.45	3.18	3.38	3.64	2.90	2.16	4.43	3.19	2.79	1.43	3.51	4.63	2.87	5.59	3.00	3.25	6.53	4.78	3.31	3.53	2.60	2.75	3.72	4.92	4.57	4.75	5.60	2.98	5.53	4.39	3.38	3.21	3.64	2.22	5.08	4.405
2.98	2.44	2.89	2.71	6.08	3.68	1.49	4.44	3.55	3.93	2.16	3.75	2.85	2.32	2.67	4.51	2.48	3.15	3.36	3.72	3.02	2.32	4.44	3.27	2.73	1.44	3.56	4.68	2.85	5.62	3.07	3.27	6.54	4.81	3.21	3.55	2.54	2.78	3.74	5.04	4.67	4.72	5.60	3.06	5.55	4.45	3.35	3.20	3.72	2.41	5.10	4.505
2.92	2.54	3.17	2.81	6.10	3.58	1.60	4.48	3.52	3.92	2.16	3.89	2.92	2.32	2.79	4.61	2.59	3.15	3.30	3.82	3.13	2.44	4.41	3.27	2.71	1.44	3.64	4.71	2.84	5.65	3.16	3.37	6.57	4.81	3.19	3.63	2.43	2.75	3.83	5.08	4.78	4.70	5.61	3.14	5.61	4.54	3.33	3.18	3.81	2.43	5.08	4.58
2.90	2.66	3.56	2.97	6.13	3.51	1.72	4.54	3.50	3.92	2.15	4.01	2.98	2.36	2.83	4.71	2.73	3.12	3.26	3.93	3.20	2.58	4.35	3.23	2.72	1.47	3.73	4.75	2.95	5.67	3.20	3.45	6.59	4.80	3.18	3.75	2.40	2.73	3.87	5.11	4.89	4.71	5.63	3.29	5.65	4.64	3.31	3.15	3.86	2.33	5.06	4.625
2.89	2.88	3.69	3.18	6.14	3.50	1.84	4.61	3.45	3.97	2.18	4.10	3.00	2.42	2.89	4.78	3.05	3.10	3.27	4.05	3.21	2.72	4.32	3.16	2.74	1.54	3.79	4.78	3.18	5.53	3.20	3.48	6.60	4.78	3.18	3.85	2.41	2.68	3.97	5.15	4.96	4.74	5.65	3.45	5.72	4.74	3.29	3.09	3.90	2.20	5.05	4.66
2.93	3.14	3.83	3.33	6.16	3.52	1.87	4.66	3.41	4.01	2.23	4.15	3.02	2.47	3.01	4.86	3.21	3.09	3.26	4.16	3.18	2.83	4.28	3.11	2.84	1.54	3.82	4.80	3.15	5.50	3.21	3.47	6.62	4.75	3.20	3.96	2.49	2.66	4.05	5.21	5.02	4.76	5.68	3.58	5.76	4.82	3.30	3.00	3.94	2.20	5.05	4.715
2.95	3.49	3.97	3.48	6.17	3.57	1.91	4.67	3.32	4.05	2.25	4.20	3.01	2.45	3.09	4.95	3.33	3.14	3.26	4.23	3.10	2.92	4.22	3.06	2.98	1.55	3.84	4.80	3.07	5.55	3.25	3.47	6.63	4.75	3.29	4.06	2.61	2.72	4.12	5.25	5.10	4.80	5.71	3.73	5.81	4.87	3.30	2.89	3.93	2.32	5.05	4.79
2.98	3.67	4.11	3.63	6.20	3.64	2.01	4.65	3.22	4.10	2.25	4.25	2.99	2.35	3.17	5.01	3.49	3.19	3.22	4.30	3.01	3.04	4.15	3.02	3.12	1.60	3.87	4.86	3.00	5.55	3.31	3.48	6.64	4.77	3.37	4.14	2.75	2.80	4.19	5.34	5.09	4.88	5.73	3.90	5.86	4.93	3.28	2.84	3.90	2.33	5.05	4.85
3.01	3.73	4.22	3.77	6.19	3.71	2.08	4.65	3.09	4.22	2.19	4.31	2.92	2.38	3.27	5.07	3.65	3.27	3.14	4.32	2.92	3.23	4.09	2.98	3.22	1.59	3.92	4.90	2.98	5.50	3.35	3.48	6.65	4.80	3.42	4.19	2.96	2.88	4.26	5.37	5.02	4.97	5.74	4.02	5.92	5.01	3.25	2.80	3.87	2.35	5.07	4.9
3.06	3.86	4.27	3.86	6.19	3.77	2.13	4.68	2.98	4.34	2.12	4.40	2.90	2.32	3.37	5.11	3.72	3.34	3.05	4.33	2.80	3.31	4.03	3.00	3.33	1.54	3.98	4.95	3.02	5.55	3.41	3.72	6.67	4.87	3.43	4.25	3.18	2.98	4.30	5.41	5.03	5.01	5.75	4.09	5.98	5.07	3.25	2.85	3.81	2.53	5.08	4.925
3.14	3.96	4.41	3.93	6.23	3.81	2.11	4.67	2.87	4.44	2.06	4.52	2.92	2.37	3.62	5.16	3.96	3.40	2.96	4.35	2.64	3.60	3.98	3.07	3.42	1.51	3.99	5.01	3.13	5.54	3.46	3.85	6.74	4.89	3.48	4.26	3.50	3.12	4.33	5.45	5.04	5.05	5.77	4.13	6.05	5.11	3.26	2.89	3.84	2.74	5.10	5.03
3.22	4.00	4.72	3.99	6.25	3.93	2.09	4.66	2.75	4.48	2.10	4.65	3.01	2.41	3.82	5.24	4.14	3.45	2.83	4.40	2.50	3.66	3.92	3.17	3.47	1.60	4.00	5.05	3.25	5.50	3.47	3.92	6.70	4.92	3.53	4.27	3.71	3.30	4.29	5.48	5.09	5.04	5.79	4.19	6.13	5.15	3.28	2.97	3.94	3.03	5.12	5.07
3.32	4.03	4.53	4.05	6.26	4.04	2.15	4.65	2.65	4.48	2.19	4.77	3.10	2.46	3.97	5.31	4.31	3.50	2.75	4.46	2.37	3.68	3.84	3.26	3.48	1.75	4.02	5.07	3.45	5.46	3.51	3.96	6.70	4.95	3.59	4.28	3.87	3.53	4.35	5.51	5.10	5.04	5.81	4.21	6.20	5.23	3.31	3.05	4.03	3.03	5.12	5.105
3.41	4.05	4.62	4.10	6.26	4.17	2.19	4.65	2.64	4.50	2.19	4.88	3.15	2.49	4.17	5.38	4.41	3.44	2.65	4.57	2.30	3.70	3.76	3.32	3.51	1.82	4.04	5.10	3.60	5.45	3.54	4.03	6.68	4.97	3.63	4.30	4.13	3.70	4.34	5.55	5.12	5.03	5.79	4.25	6.26	5.32	3.33	3.19	4.10	3.02	5.13	5.12
3.58	4.05	4.60	4.10	6.28	4.29	2.26	4.62	2.66	4.54	2.10	4.99	3.21	2.43	4.33	5.42	4.49	3.42	2.60	4.66	2.32	3.67	3.71	3.36	3.55	1.94	4.16	5.11	3.69	5.43	3.58	4.08	6.70	5.00	3.67	4.33	4.18	3.83	4.35	5.60	5.19	5.03	5.80	4.28	6.35	5.39	3.36	3.22	4.18	2.96	5.15	5.13
3.83	4.05	4.63	4.08	6.30	4.41	2.32	4.57	2.70	4.60	2.04	5.07	3.30	2.46	4.51	5.46	4.56	3.40	2.60	4.76	2.41	3.65	3.66	3.42	3.62	1.92	4.26	5.13	3.78	5.38	3.62	4.12	6.72	5.06	3.67	4.37	4.29	3.92	4.47	5.63	5.28	5.03	5.82	4.34	6.43	5.44	3.42	3.29	4.28	2.96	5.18	5.0975
3.99	4.05	4.73	4.06	6.31	4.51	2.35	4.53	2.71	4.64	1.99	5.15	3.37	2.45	4.61	5.50	4.64	3.35	2.67	4.85	2.51	3.57	3.62	3.52	3.65	2.03	4.33	5.14	3.89	5.34	3.63	4.19	6.68	5.10	3.62	4.44	4.36	4.02	4.50	5.67	5.37	5.06	5.83	4.36	6.51	5.51	3.53	3.39	4.35	3.01	5.24	5.12
3.99	4.07	4.86	4.07	6.32	4.60	2.56	4.54	2.70	4.67	2.00	5.20	3.43	2.56	4.71	5.55	4.70	3.30	2.81	4.94	2.54	3.50	3.63	3.62	3.64	2.25	4.38	5.14	3.96	5.29	3.63	4.28	6.66	5.12	3.55	4.52	4.48	4.11	4.55	5.69	5.45	5.11	5.84	4.34	6.59	5.57	3.63	3.47	4.40	3.18	5.25	5.08
3.95	4.09	4.91	4.06	6.34	4.66	2.71	4.56	2.76	4.69	2.04	5.26	3.61	2.73	4.82	5.58	4.73	3.33	3.01	4.97	2.58	3.46	3.67	3.67	3.60	2.36	4.44	5.15	4.01	5.32	3.61	4.33	6.68	5.16	3.45	4.60	4.60	4.24	4.58	5.75	5.51	5.15	5.85	4.32	6.67	5.64	3.70	3.63	4.46	3.20	5.26	5.08
3.92	4.11	4.97	4.06	6.34	4.77	2.86	4.58	2.89	4.75	2.17	5.30	3.79	2.91	4.91	5.63	4.78	3.43	3.10	5.00	2.78	3.48	3.69	3.76	3.57	2.47	4.48	5.17	4.06	5.35	3.63	4.38	6.70	5.19	3.38	4.74	4.71	4.35	4.62	5.76	5.56	5.22	5.84	4.30	6.75	5.73	3.72	3.73	4.48	3.28	5.28	5.075
3.89	4.15	5.01	4.11	6.35	4.82	2.93	4.63	3.02	4.84	2.24	5.34	3.92	3.17	4.98	5.68	4.85	3.56	3.19	5.05	3.03	3.43	3.68	3.92	3.50	2.48	4.53	5.21	4.12	5.33	3.95	4.44	6.70	5.21	3.33	4.84	4.79	4.47	4.66	5.81	5.62	5.32	5.84	4.30	6.82	5.81	3.76	3.83	4.47	3.28	5.32	5.11
3.92	4.17	5.02	4.20	6.35	4.91	2.99	4.67	3.02	4.91	2.33	5.40	4.03	3.29	5.04	5.74	4.90	3.68	3.34	5.06	3.24	3.47	3.68	4.04	3.44	2.49	4.56	5.27	4.22	5.34	4.20	4.41	6.70	5.23	3.23	4.95	4.85	4.48	4.72	5.86	5.67	5.40	5.82	4.30	6.89	5.88	3.81	3.95	4.40	3.28	5.35	5.15
4.02	4.20	5.00	4.27	6.36	4.96	3.02	4.74	3.20	5.02	2.53	5.42	4.21	3.27	5.11	5.78	4.94	3.82	3.53	5.10	3.41	3.49	3.75	4.15	3.41	2.55	4.64	5.33	4.27	5.33	4.21	4.49	6.73	5.24	3.17	5.01	4.89	4.53	4.76	5.92	5.72	5.46	5.81	4.33	6.95	5.95	3.86	4.08	4.36	3.28	5.35	5.19
4.15	4.18	5.01	4.37	6.38	5.03	3.05	4.84	3.27	5.10	2.69	5.45	4.41	3.28	5.20	5.82	5.02	3.96	3.68	5.14	3.54	3.59	3.83	4.26	3.41	2.64	4.65	5.38	4.40	5.34	4.23	4.49	6.73	5.25	3.11	5.04	4.96	4.59	4.80	5.96	5.76	5.52	5.82	4.40	7.07	6.02	3.91	4.15	4.29	3.35	5.35	5.205
4.34	4.18	4.98	4.50	6.40	5.10	3.02	4.92	3.36	5.15	2.79	5.47	4.52	3.30	5.28	5.86	5.07	4.04	3.69	5.17	3.65	3.67	3.86	4.35	3.43	2.72	4.69	5.42	4.51	5.37	4.21	4.50	6.76	5.26	3.13	5.13	5.01	4.62	4.86	6.00	5.82	5.51	5.86	4.48	7.09	6.09	3.95	4.21	4.24	3.33	5.38	5.215
4.46	4.18	5.00	4.57	6.41	5.15	2.93	5.00	3.48	5.23	3.10	5.54	4.61	3.32	5.36	5.93	5.11	4.26	3.70	5.21	3.73	3.72	3.90	4.43	3.46	2.74	4.74	5.45	4.56	5.42	4.21	4.54	6.80	5.27	3.14	5.21	5.01	4.63	4.90	6.05	5.86	5.57	5.91	4.56	7.18	6.15	3.99	4.26	4.20	3.36	5.42	5.2
4.52	4.20	5.03	4.62	6.42	5.19	2.88	5.13	3.62	5.34	2.91	5.60	4.65	3.35	5.41	6.00	5.15	4.36	3.74	5.25	3.80	3.73	3.94	4.54	3.56	2.80	4.79	5.47	4.62	5.47	3.85	4.60	6.83	5.29	3.16	5.28	5.02	4.64	4.92	6.11	5.93	5.70	5.96	4.63	7.26	6.19	4.03	4.38	4.18	3.46	5.46	5.185
4.56	4.22	5.07	4.62	6.45	5.27	2.84	5.17	3.78	5.41	2.97	5.67	4.73	3.38	5.48	6.03	5.18	4.43	3.75	5.24	3.91	3.76	4.00	4.64	3.64	2.86	4.83	5.54	4.67	5.46	4.19	4.68	6.88	5.25	3.25	5.31	4.99	4.68	4.96	6.16	5.98	5.75	5.98	4.73	7.34	6.24	4.12	4.40	4.14	3.66	5.51	5.16
4.59	4.26	5.10	4.66	6.46	5.30	2.82	5.26	3.92	5.44	3.00	5.74	4.77	3.40	5.55	6.07	5.21	4.48	3.79	5.23	3.99	3.79	4.07	4.72	3.74	2.92	4.87	5.56	4.72	5.47	4.15	4.84	6.93	5.31	3.39	5.32	4.96	4.74	5.01	6.20	6.02	5.80	6.01	4.85	7.44	6.30	4.23	4.46	4.10	3.83	5.58	5.155
4.55	4.25	5.13	4.68	6.47	5.33	2.80	5.33	4.07	5.46	3.01	5.78	4.82	3.40	5.63	6.11	5.24	4.50	3.77	5.24	4.04	3.84	4.12	4.80	3.84	2.94	4.92	5.61	4.75	5.49	4.12	4.93	6.96	5.34	3.52	5.32	4.94	4.80	5.06	6.24	6.07	5.87	6.06	4.97	7.54	6.35	4.34	4.50	4.06	3.98	5.61	5.185
4.55	4.25	5.16	4.73	6.51	5.38	2.86	5.35	4.27	5.48	3.03	5.80	4.85	3.43	5.69	6.14	5.29	4.51	3.78	5.25	4.10	3.94	4.20	4.87	3.94	2.93	4.94	5.64	4.76	5.51	4.11	5.00	6.99	5.36	3.64	5.31	4.94	4.86	5.12	6.29	6.13	5.92	6.08	5.04	7.64	6.40	4.44	4.53	4.06	4.03	5.63	5.255
4.55	4.27	5.18	4.79	6.54	5.43	3.09	5.41	4.40	5.51	3.09	5.85	4.88	3.45	5.73	6.17	5.31	4.52	3.81	5.26	4.17	4.00	4.26	4.90	4.04	3.03	5.03	5.70	4.82	5.53	4.10	5.08	6.96	5.43	3.78	5.27	4.93	4.89	5.20	6.34	6.16	5.97	6.09	5.13	7.76	6.45	4.52	4.62	4.06	4.13	5.72	5.28
4.56	4.30	5.18	4.83	6.56	5.48	3.31	5.48	4.47	5.53	3.15	5.86	4.89	3.47	5.79	6.22	5.33	4.52	3.86	5.28	4.22	4.08	4.36	4.96	4.09	3.12	5.09	5.75	4.88	5.55	4.09	5.13	6.96	5.50	3.96	5.24	4.94	4.92	5.26	6.38	6.21	6.01	6.10	5.20	7.92	6.51	4.63	4.70	4.04	4.20	5.74	5.33
4.60	4.33	5.21	4.82	6.59	5.53	3.53	5.52	4.57	5.55	3.18	5.90	4.90	3.53	5.86	6.27	5.35	4.51	3.90	5.31	4.28	4.14	4.48	5.02	4.11	3.22	5.16	5.77	4.92	5.57	4.08	5.22	6.98	5.51	4.15	5.20	4.91	4.97	5.31	6.44	6.26	6.04	6.12	5.26	8.02	6.57	4.65	4.76	4.00	4.24	5.80	5.38
4.61	4.37	5.26	4.82	6.64	5.57	3.50	5.54	4.64	5.56	3.23	5.92	4.90	3.58	5.93	6.30	5.37	4.53	3.96	5.34	4.29	4.16	4.58	5.07	4.11	3.34	5.21	5.78	4.93	5.66	4.05	5.28	6.99	5.53	4.25	5.17	4.87	5.03	5.34	6.49	6.31	6.06	6.14	5.32	8.12	6.61	4.71	4.84	3.97	4.30	5.86	5.46
4.62	4.41	5.31	4.83	6.65	5.64	3.41	5.57	4.70	5.58	3.25	5.95	4.90	3.64	6.00	6.34	5.39	4.58	4.03	5.36	4.39	4.16	4.65	5.10	4.11	3.41	5.27	5.82	4.95	5.69	4.04	5.33	7.01	5.56	4.35	5.13	4.99	5.04	5.36	6.54	6.36	6.09	6.15	5.37	8.20	6.65	4.77	4.98	3.89	4.41	5.92	5.53
4.65	4.47	5.34	4.85	6.65	5.68	3.32	5.60	4.75	5.57	3.30	5.98	4.90	3.67	6.03	6.40	5.39	4.65	4.17	5.42	4.41	4.17	4.71	5.15	4.11	3.42	5.35	5.83	4.97	5.71	4.02	5.38	7.04	5.60	4.37	5.04	5.03	5.05	5.38	6.57	6.39	6.10	6.17	5.52	8.28	6.69	4.80	5.05	3.80	4.53	5.98	5.62
4.66	4.51	5.39	4.90	6.67	5.71	3.25	5.62	4.78	5.58	3.36	6.00	4.90	3.72	6.13	6.45	5.40	4.71	4.20	5.46	4.39	4.18	4.79	5.19	4.12	3.46	5.41	5.88	4.99	5.73	4.06	5.42	7.07	5.62	4.39	4.98	5.09	5.06	5.41	6.60	6.45	6.10	6.20	5.51	8.33	6.73	4.81	5.10	3.69	4.64	6.03	5.72
4.70	4.53	5.43	4.98	6.70	5.75	3.20	5.66	4.83	5.60	3.38	6.03	4.90	3.70	6.18	6.50	5.40	4.78	4.24	5.46	4.36	4.20	4.84	5.22	4.16	3.48	5.45	5.88	5.00	5.76	4.11	5.45	7.14	5.67	4.40	4.91	5.13	5.06	5.45	6.67	6.46	6.10	6.20	5.50	8.37	6.78	4.84	5.12	3.62	4.70	6.10	5.79
4.71	4.55	5.45	5.05	6.71	5.80	3.17	5.69	4.86	5.61	3.45	6.02	4.88	3.72	6.23	6.54	5.44	4.84	4.32	5.45	4.37	4.21	4.87	5.24	4.23	3.48	5.50	5.91	5.03	5.79	4.13	5.47	7.19	5.71	4.44	4.84	5.12	5.08	5.57	6.70	6.51	6.11	6.24	5.54	8.38	6.82	4.87	5.16	3.57	4.71	6.15	5.85
4.75	4.57	5.49	5.11	6.73	5.85	3.16	5.72	4.89	5.64	3.51	6.03	4.91	3.75	6.28	6.60	5.50	4.93	4.39	5.42	4.41	4.23	4.88	5.26	4.29	3.50	5.55	5.92	5.08	5.86	4.13	5.49	7.20	5.74	4.47	4.82	5.12	5.11	5.63	6.74	6.54	6.11	6.25	5.55	8.39	6.86	4.95	5.21	3.63	4.71	6.20	5.92
4.80	4.58	5.50	5.17	6.80	5.90	3.13	5.76	4.95	5.65	3.62	6.03	4.94	3.83	6.33	6.63	5.54	4.98	4.45	5.40	4.46	4.24	4.88	5.27	4.36	3.56	5.61	5.95	5.15	5.91	4.17	5.50	7.22	5.77	4.51	4.76	5.14	5.14	5.70	6.76	6.62	6.13	6.26	5.51	8.40	6.91	5.01	5.26	3.74	4.68	6.24	5.97
4.84	4.63	5.48	5.26	6.82	5.93	3.18	5.78	4.96	5.66	3.70	6.02	4.98	3.89	6.38	6.67	5.55	5.01	4.50	5.39	4.53	4.23	4.88	5.29	4.43	3.60	5.63	5.98	5.25	5.95	4.21	5.54	7.28	5.81	4.53	4.75	5.15	5.19	5.76	6.80	6.66	6.19	6.29	5.54	8.40	6.96	5.04	5.28	3.85	4.63	6.28	6.01
4.90	4.67	5.51	5.37	6.85	6.00	3.36	5.78	4.99	5.69	3.70	6.02	5.07	3.95	6.44	6.73	5.57	5.06	4.53	5.37	4.57	4.23	4.88	5.29	4.52	3.56	5.65	6.01	5.33	5.98	4.20	5.54	7.32	5.85	4.54	4.84	5.16	5.22	5.82	6.84	6.71	6.23	6.30	5.62	8.38	7.01	5.09	5.29	3.94	4.57	6.34	6.07
4.95	4.70	5.55	5.43	6.87	6.06	3.59	5.78	4.99	5.70	3.80	5.99	5.15	3.98	6.49	6.77	5.60	5.10	4.53	5.36	4.59	4.25	4.85	5.29	4.61	3.56	5.69	6.05	5.38	5.99	4.17	5.53	7.38	5.89	4.55	4.93	5.22	5.25	5.86	6.88	6.77	6.26	6.31	5.66	8.36	7.05	5.11	5.30	4.00	4.50	6.40	6.14
4.95	4.73	5.57	5.45	6.90	6.11	3.69	5.78	5.00	5.70	3.87	5.95	5.19	4.03	6.59	6.82	5.61	5.16	4.51	5.35	4.61	4.27	4.83	5.29	4.70	3.64	5.73	6.08	5.28	6.03	4.10	5.51	7.40	5.93	4.57	4.97	5.27	5.32	5.92	6.92	6.79	6.29	6.31	5.70	8.35	7.09	5.17	5.30	4.06	4.43	6.42	6.20
4.95	4.73	5.58	5.47	6.93	6.20	3.83	5.80	5.01	5.70	3.92	5.95	5.23	4.03	6.66	6.86	5.65	5.22	4.51	5.36	4.66	4.28	4.80	5.28	4.77	3.73	5.75	6.09	5.29	6.07	4.05	5.49	7.46	5.96	4.59	5.03	5.27	5.39	5.96	6.94	6.82	6.33	6.30	5.72	8.34	7.11	5.21	5.30	4.11	4.38	6.47	6.25
4.98	4.70	5.62	5.51	6.95	6.22	3.88	5.83	5.02	5.70	3.95	5.91	5.29	4.06	6.73	6.90	5.65	5.27	4.52	5.36	4.76	4.28	4.83	5.28	4.82	3.81	5.79	6.11	5.26	6.11	4.01	5.48	7.42	5.99	4.59	5.13	5.28	5.48	6.01	6.97	6.85	6.37	6.29	5.76	8.37	7.13	5.27	5.30	4.14	4.32	6.51	6.29
4.97	4.74	5.63	5.54	6.97	6.25	3.95	5.86	5.06	5.71	4.00	5.90	5.33	4.05	6.76	6.93	5.67	5.33	4.53	5.38	4.88	4.26	4.88	5.28	4.87	3.88	5.81	6.13	5.25	6.16	3.98	5.50	7.34	6.03	4.61	5.14	5.26	5.53	6.06	7.01	6.90	6.40	6.29	5.79	8.41	7.13	5.34	5.30	4.22	4.30	6.53	6.34
4.98	4.73	5.62	5.57	7.00	6.29	4.00	5.87	5.11	5.73	4.05	5.88	5.37	4.05	6.82	6.96	5.70	5.39	4.50	5.41	5.01	4.23	4.96	5.31	4.91	3.93	5.87	6.18	5.28	6.21	4.01	5.51	7.34	6.07	4.63	5.15	5.28	5.61	6.10	7.04	6.94	6.45	6.27	5.83	8.43	7.14	5.42	5.29	4.26	4.25	6.57	6.37
4.99	4.72	5.62	5.61	7.04	6.32	3.99	5.87	5.16	5.74	4.10	5.87	5.40	4.08	6.88	7.00	5.71	5.44	4.49	5.45	5.10	4.21	5.04	5.35	4.93	3.99	5.89	6.19	5.29	6.25	4.03	5.53	7.38	6.10	4.66	5.17	5.29	5.66	6.13	7.06	6.97	6.51	6.27	5.87	8.47	7.15	5.49	5.25	4.30	4.19	6.60	6.42
5.01	4.75	5.63	5.67	7.05	6.35	3.95	5.87	5.18	5.74	4.15	5.91	5.45	4.13	6.94	7.05	5.72	5.48	4.45	5.50	5.14	4.19	5.09	5.37	4.95	4.00	5.91	6.20	5.37	6.31	4.06	5.58	7.36	6.14	4.69	5.22	5.30	5.72	6.15	7.09	7.07	6.55	6.24	5.93	8.48	7.15	5.53	5.23	4.34	4.18	6.63	6.47
5.06	4.75	5.60	5.72	7.08	6.36	3.93	5.87	5.19	5.75	4.20	5.97	5.48	4.19	7.00	7.10	5.75	5.52	4.43	5.55	5.18	4.18	5.15	5.39	4.99	4.04	5.94	6.22	5.34	6.34	4.04	5.63	7.38	6.20	4.76	5.26	5.30	5.78	6.16	7.13	7.15	6.58	6.22	5.98	8.48	7.15	5.57	5.20	4.36	4.19	6.65	6.51
5.08	4.80	5.63	5.76	7.12	6.40	3.89	5.87	5.22	5.75	4.30	5.98	5.50	4.25	7.05	7.15	5.74	5.56	4.40	5.57	5.20	4.21	5.19	5.41	4.97	4.08	5.99	6.25	5.39	6.37	4.13	5.70	7.33	6.24	4.78	5.32	5.30	5.81	6.17	7.14	7.13	6.61	6.20	6.01	8.50	7.13	5.65	5.20	4.44	4.23	6.69	6.52
5.12	4.82	5.63	5.82	7.15	6.45	3.84	5.87	5.22	5.76	4.37	6.01	5.53	4.29	7.09	7.18	5.81	5.64	4.41	5.59	5.20	4.23	5.21	5.44	4.94	4.10	6.02	6.28	5.43	6.39	4.22	5.74	7.35	6.26	4.85	5.36	5.31	5.84	6.20	7.18	7.17	6.64	6.16	6.04	8.56	7.12	5.73	5.18	4.54	4.30	6.74	6.59
5.19	4.88	5.66	5.85	7.20	6.45	3.77	5.87	5.24	5.76	4.43	6.04	5.56	4.32	7.13	7.20	5.85	5.69	4.42	5.61	5.18	4.25	5.21	5.44	4.94	4.13	6.05	6.30	5.51	6.45	4.27	5.76	7.35	6.31	4.91	5.41	5.34	5.87	6.21	7.23	7.21	6.68	6.11	6.07	8.60	7.12	5.79	5.15	4.66	4.38	6.78	6.60
5.27	5.00	5.71	5.90	7.25	6.49	3.70	5.89	5.28	5.76	4.50	6.07	5.63	4.35	7.18	7.25	5.90	5.74	4.47	5.66	5.16	4.27	5.20	5.40	4.93	4.16	6.09	6.32	5.54	6.48	4.29	5.80	7.38	6.34	4.96	5.48	5.36	5.92	6.23	7.26	7.24	6.71	6.06	6.11	8.61	7.11	5.85	5.15	4.71	4.56	6.82	6.63
5.36	5.06	5.75	5.95	7.30	6.54	3.59	5.91	5.33	5.76	4.52	6.10	5.67	4.41	7.24	7.28	5.92	5.79	4.54	5.70	5.15	4.30	5.21	5.37	4.93	4.20	6.10	6.34	5.54	6.49	4.32	5.84	7.42	6.36	5.01	5.57	5.39	5.94	6.26	7.32	7.26	6.74	5.99	6.15	8.61	7.08	5.89	5.14	4.78	4.54	6.84	6.68
5.41	5.10	5.76	5.97	7.33	6.55	3.51	5.91	5.37	5.75	4.55	6.15	5.74	4.50	7.30	7.31	5.95	5.83	4.63	5.74	5.13	4.31	5.24	5.35	4.89	4.24	6.11	6.35	5.60	6.52	4.37	5.87	7.45	6.39	5.05	5.63	5.41	5.97	6.28	7.39	7.31	6.77	5.94	6.19	8.59	7.04	5.93	5.12	4.79	4.59	6.90	6.71
5.46	5.15	5.80	5.98	7.38	6.57	3.46	5.89	5.43	5.75	4.58	6.17	5.81	4.54	7.40	7.35	5.98	5.87	4.78	5.80	5.12	4.33	5.25	5.33	4.86	4.29	6.11	6.37	5.64	6.56	4.49	5.90	7.48	6.43	5.09	5.68	5.46	6.00	6.29	7.45	7.33	6.81	5.88	6.22	8.58	7.00	5.96	5.11	4.76	4.64	6.94	6.73
5.48	5.20	5.82	6.02	7.41	6.60	3.48	5.86	5.47	5.75	4.61	6.19	5.87	4.57	7.45	7.39	6.00	5.96	4.83	5.83	5.11	4.35	5.23	5.31	4.87	4.34	6.11	6.41	5.70	6.59	4.52	5.92	7.51	6.48	5.14	5.72	5.51	6.01	6.31	7.47	7.35	6.84	5.87	6.25	8.58	6.94	6.01	5.10	4.76	4.70	7.01	6.76
5.50	5.23	5.85	6.04	7.45	6.63	3.56	5.86	5.50	5.75	4.64	6.20	5.92	4.59	7.51	7.43	6.04	6.01	4.83	5.86	5.12	4.35	5.23	5.28	4.88	4.35	6.12	6.43	5.70	6.63	4.53	5.96	7.54	6.52	5.17	5.78	5.56	6.03	6.35	7.49	7.39	6.89	5.89	6.27	8.59	6.88	6.01	5.10	4.74	4.75	7.07	6.79
5.53	5.26	5.87	6.05	7.51	6.67	3.63	5.84	5.55	5.74	4.70	6.21	5.96	4.60	7.59	7.43	6.07	6.05	4.89	5.90	5.14	4.35	5.24	5.22	4.87	4.33	6.12	6.45	5.73	6.65	4.57	5.98	7.55	6.56	5.18	5.86	5.61	6.09	6.39	7.51	7.43	6.94	5.94	6.31	8.61	6.79	6.01	5.11	4.74	4.76	7.10	6.81
5.57	5.30	5.90	6.10	7.56	6.70	3.68	5.77	5.58	5.74	4.79	6.24	6.02	4.60	7.68	7.57	6.10	6.10	4.95	5.94	5.14	4.32	5.28	5.19	4.85	4.36	6.13	6.48	5.80	6.67	4.63	6.00	7.52	6.60	5.19	5.89	5.62	6.14	6.43	7.53	7.48	6.98	5.95	6.35	8.61	6.73	6.03	5.12	4.74	4.80	7.12	6.85
5.60	5.34	5.92	6.13	7.61	6.72	3.70	5.74	5.40	5.75	4.86	6.27	6.08	4.62	7.77	7.51	6.10	6.15	4.98	5.95	5.14	4.34	5.28	5.17	4.82	4.34	6.12	6.49	5.83	6.68	4.69	6.01	7.49	6.64	5.19	5.94	5.62	6.18	6.44	7.55	7.52	7.03	5.94	6.39	8.60	6.66	6.03	5.10	4.74	4.82	7.16	6.86
5.62	5.40	5.95	6.17	7.67	6.75	3.71	5.70	5.41	5.76	4.91	6.27	6.13	4.64	7.86	7.54	6.10	6.20	4.96	5.95	5.14	4.38	5.28	5.15	4.75	4.33	6.11	6.49	5.85	6.71	4.71	6.03	7.49	6.66	5.19	5.97	5.64	6.20	6.44	7.56	7.56	7.06	5.97	6.44	8.58	6.58	6.03	5.11	4.76	4.82	7.18	6.86
5.65	5.44	5.98	6.19	7.70	6.80	3.79	5.67	5.63	5.78	4.93	6.29	6.16	4.67	7.92	7.58	6.13	6.24	4.96	5.96	5.11	4.39	5.30	5.16	4.68	4.34	6.11	6.50	5.88	6.76	4.78	6.04	7.46	6.68	5.17	6.01	5.65	6.21	6.46	7.60	7.58	7.09	6.03	6.46	8.56	6.49	6.02	5.13	4.77	4.82	7.18	6.87
5.68	5.47	6.00	6.21	7.74	6.82	3.88	5.64	5.63	5.81	4.97	6.33	6.19	4.72	7.98	7.61	6.13	6.27	4.95	5.97	5.09	4.33	5.30	5.17	4.62	4.32	6.12	6.51	5.91	6.80	4.86	6.05	7.46	6.70	5.18	6.06	5.67	6.21	6.48	7.61	7.63	7.14	6.04	6.48	8.54	6.41	6.03	5.11	4.78	4.78	7.18	6.87
5.71	5.48	6.00	6.21	7.80	6.85	3.95	5.61	5.60	5.87	5.00	6.35	6.23	4.76	8.04	7.64	6.14	6.31	4.93	5.99	5.06	4.37	5.30	5.17	4.57	4.28	6.12	6.51	5.93	6.85	4.94	6.05	7.42	6.72	5.19	6.12	5.70	6.21	6.50	7.62	7.67	7.19	6.09	6.50	8.53	6.33	6.06	5.11	4.79	4.78	7.22	6.87
5.74	5.50	6.00	6.23	7.85	6.88	3.99	5.60	5.60	5.88	5.03	6.36	6.25	4.88	8.08	7.67	6.15	6.32	4.90	5.98	5.04	4.39	5.30	5.18	4.53	4.24	6.10	6.52	5.98	6.87	5.01	6.07	7.42	6.75	5.17	6.17	5.73	6.19	6.52	7.63	7.73	7.22	6.13	6.52	8.51	6.25	6.07	5.10	4.78	4.75	7.25	6.87
5.76	5.52	6.00	6.25	7.87	6.91	4.07	5.58	5.61	5.90	5.07	6.36	6.29	4.94	8.12	7.69	6.15	6.34	4.88	5.98	5.04	4.44	5.30	5.23	4.51	4.20	6.08	6.54	6.01	6.92	5.05	6.28	7.39	6.77	5.17	6.21	5.76	6.14	6.53	7.64	7.79	7.25	6.16	6.56	8.48	6.19	6.07	5.10	4.76	4.70	7.27	6.87
5.77	5.55	6.00	6.27	7.87	6.95	4.12	5.57	5.60	5.92	5.07	6.37	6.32	4.95	8.17	7.72	6.14	6.37	4.83	5.97	5.00	4.50	5.26	5.25	4.49	4.13	6.07	6.54	6.06	6.96	5.08	6.31	7.45	6.79	5.15	6.25	5.86	6.09	6.54	7.66	7.82	7.29	6.17	6.60	8.46	6.12	6.05	5.07	4.72	4.65	7.28	6.87
5.81	5.57	5.98	6.27	7.88	6.97	4.13	5.57	5.61	5.92	5.08	6.39	6.34	4.94	8.18	7.74	6.12	6.39	4.79	5.95	4.95	4.58	5.24	5.29	4.51	3.95	6.05	6.53	6.08	6.98	5.11	6.32	7.50	6.81	5.12	6.27	5.94	6.08	6.54	7.68	7.85	7.33	6.19	6.67	8.45	6.06	6.03	5.04	4.67	4.61	7.29	6.87
5.84	5.57	6.00	6.28	7.88	7.00	4.25	5.57	5.60	5.91	5.08	6.38	6.36	4.95	8.18	7.75	6.10	6.44	4.70	5.92	4.91	4.65	5.24	5.29	4.53	3.87	6.00	6.53	6.10	7.01	5.08	6.32	7.50	6.84	5.09	6.31	5.95	6.05	6.55	7.71	7.89	7.36	6.20	6.72	8.43	6.02	6.00	5.04	4.61	4.56	7.31	6.87
5.85	5.58	6.00	6.28	7.88	7.04	4.33	5.58	5.58	5.90	5.05	6.38	6.37	4.93	8.18	7.75	6.08	6.45	4.59	5.89	4.85	4.67	5.24	5.27	4.54	3.84	5.95	6.53	6.14	7.04	5.06	6.32	7.52	6.86	5.09	6.34	5.98	6.04	6.54	7.72	7.93	7.37	6.24	6.76	8.39	5.98	5.97	4.96	4.52	4.49	7.30	6.87
5.88	5.60	5.98	6.28	7.89	7.08	4.39	5.59	5.58	5.88	5.05	6.39	6.39	4.96	8.18	7.75	6.04	6.45	4.49	5.85	4.82	4.77	5.25	5.23	4.53	3.84	5.94	6.53	6.17	7.06	5.05	6.34	7.55	6.88	5.09	6.35	6.06	6.01	6.54	7.74	7.97	7.39	6.25	6.79	8.34	5.93	5.94	4.90	4.43	4.41	7.30	6.87
5.86	5.64	5.97	6.26	7.88	7.11	4.43	5.60	5.57	5.86	5.07	6.40	6.42	5.00	8.20	7.76	6.00	6.47	4.39	5.83	4.77	4.88	5.26	5.20	4.51	3.87	5.91	6.54	6.17	7.08	5.06	6.37	7.58	6.91	5.07	6.36	6.09	5.99	6.54	7.75	7.99	7.41	6.26	6.81	8.28	5.89	5.89	4.85	4.35	4.38	7.33	6.87
5.86	5.67	6.00	6.25	7.87	7.13	4.48	5.60	5.56	5.82	5.06	6.38	6.44	5.02	8.20	7.75	5.94	6.48	4.29	5.83	4.68	4.95	5.26	5.17	4.50	3.91	5.90	6.55	6.18	7.08	5.03	6.37	7.62	6.93	5.04	6.36	6.11	5.96	6.55	7.76	8.01	7.44	6.28	6.86	8.25	5.84	5.85	4.83	4.31	4.36	7.34	6.87
5.89	5.71	5.96	6.26	7.86	7.16	4.54	5.62	5.54	5.78	5.03	6.37	6.47	5.04	8.18	7.75	5.87	6.50	4.19	5.81	4.61	5.02	5.27	5.17	4.46	3.94	5.89	6.53	6.20	7.08	4.99	6.38	7.62	6.98	4.99	6.36	6.13	5.92	6.55	7.76	8.03	7.46	6.30	6.89	8.23	5.81	5.83	4.73	4.14	4.35	7.36	6.86
5.90	5.75	5.94	6.26	7.84	7.20	4.66	5.64	5.51	5.76	5.00	6.36	6.49	5.02	8.16	7.73	5.81	6.52	4.10	5.82	4.57	5.08	5.28	5.17	4.43	3.91	5.89	6.50	6.22	7.09	4.97	6.38	7.63	6.99	4.94	6.36	6.16	5.86	6.55	7.77	8.06	7.49	6.33	6.91	8.17	5.76	5.80	4.69	4.07	4.35	7.37	6.85
5.90	5.77	5.93	6.24	7.82	7.23	4.75	5.66	5.47	5.75	4.97	6.35	6.54	5.00	8.16	7.72	5.70	6.54	4.04	5.83	4.54	5.12	5.27	5.16	4.43	3.86	5.86	6.46	6.23	7.11	4.99	6.37	7.65	7.00	4.88	6.34	6.17	5.81	6.55	7.79	8.07	7.51	6.33	6.95	8.12	5.71	5.77	4.64	4.00	4.36	7.39	6.83
5.90	5.78	5.93	6.22	7.81	7.24	4.82	5.67	5.46	5.75	4.94	6.33	6.55	4.95	8.17	7.70	5.61	6.55	3.97	5.82	4.51	5.18	5.26	5.10	4.43	3.77	5.86	6.43	6.25	7.13	5.00	6.37	7.65	7.01	4.79	6.31	6.19	5.73	6.54	7.81	8.06	7.52	6.33	6.97	8.07	5.67	5.74	4.59	3.91	4.37	7.42	6.82
5.94	5.80	5.90	6.21	7.79	7.24	4.87	5.68	5.44	5.74	4.88	6.30	6.55	4.90	8.18	7.67	5.55	6.55	3.94	5.82	4.45	5.24	5.27	5.06	4.44	3.70	5.86	6.40	6.28	7.14	5.00	6.37	7.65	7.04	4.67	6.28	6.20	5.67	6.54	7.82	8.10	7.53	6.33	6.98	8.03	5.65	5.72	4.57	3.87	4.38	7.43	6.79
5.95	5.81	5.87	6.20	7.77	7.23	4.91	5.66	5.43	5.74	4.84	6.30	6.53	4.85	8.16	7.65	5.45	6.56	3.92	5.70	4.36	5.35	5.27	5.01	4.45	3.67	5.85	6.38	6.17	7.15	4.99	6.38	7.69	7.05	4.57	6.27	6.21	5.58	6.54	7.81	8.11	7.53	6.29	7.01	7.97	5.54	5.70	4.57	3.77	4.35	7.43	6.765
5.98	5.83	5.84	6.18	7.73	7.23	4.97	5.64	5.45	5.74	4.80	6.28	6.50	4.77	8.15	7.59	5.41	6.58	3.90	5.80	4.27	5.40	5.26	4.96	4.50	3.66	5.84	6.32	6.18	7.15	4.97	6.38	7.69	7.06	4.55	6.24	6.21	5.53	6.54	7.80	8.11	7.56	6.29	7.05	7.94	5.49	5.68	4.45	3.72	4.34	7.44	6.74
5.99	5.85	5.85	6.17	7.70	7.21	5.05	5.62	5.49	5.73	4.80	6.25	6.49	4.68	8.14	7.54	5.34	6.60	3.88	5.82	4.21	5.46	5.24	4.90	4.53	3.60	5.83	6.30	6.19	7.19	4.94	6.38	7.71	7.08	4.45	6.22	6.21	5.43	6.54	7.79	8.09	7.56	6.29	7.08	7.92	5.43	5.67	4.39	3.67	4.30	7.46	6.71
5.97	5.87	5.81	6.17	7.67	7.18	5.03	5.60	5.51	5.70	4.78	6.23	6.49	4.65	8.12	7.48	5.32	6.63	3.79	5.84	4.18	5.53	5.24	4.86	4.53	3.54	5.82	6.29	6.21	7.24	4.92	6.35	7.73	7.09	4.45	6.17	6.20	5.38	6.54	7.77	8.06	7.58	6.29	7.11	7.91	5.34	5.65	4.36	3.64	4.27	7.46	6.685
5.95	5.91	5.73	6.16	7.64	7.15	5.03	5.58	5.57	5.68	4.77	6.20	6.48	4.62	8.10	7.43	5.19	6.61	3.70	5.86	4.13	5.57	5.24	4.81	4.50	3.47	5.81	6.28	6.19	7.26	4.90	6.35	7.75	7.10	4.44	6.12	6.21	5.32	6.54	7.74	8.06	7.60	6.28	7.14	7.90	5.28	5.63	4.30	3.62	4.23	7.46	6.665
5.97	5.97	5.71	6.15	7.61	7.13	5.03	5.56	5.63	5.66	4.80	6.17	6.46	4.58	8.08	7.37	5.14	6.67	3.60	5.86	4.09	5.60	5.22	4.76	4.48	3.38	5.80	6.28	6.17	7.28	4.82	6.37	7.77	7.11	4.38	6.07	6.18	5.25	6.52	7.72	8.04	7.62	6.25	7.17	7.88	5.22	5.61	4.25	3.61	4.23	7.45	6.645
5.99	5.97	5.63	6.13	7.57	7.12	5.02	5.53	5.69	5.65	4.82	6.17	6.45	4.56	8.06	7.31	5.05	6.68	3.52	5.85	4.09	5.67	5.18	4.74	4.51	3.31	5.80	6.25	6.17	7.29	4.86	6.38	7.79	7.11	4.32	6.03	6.19	5.21	6.49	7.70	8.00	7.64	6.25	7.20	7.87	5.18	5.58	4.23	3.54	4.19	7.45	6.45
5.98	5.98	5.61	6.12	7.54	7.10	4.98	5.50	5.75	5.62	4.83	6.14	6.40	4.51	8.02	7.25	4.98	6.72	3.43	5.82	4.12	5.77	5.15	4.70	4.52	3.28	5.80	6.21	6.20	7.30	4.78	6.41	7.83	7.11	4.28	5.97	6.18	5.18	6.46	7.68	7.97	7.65	6.23	7.24	7.86	5.12	5.53	4.19	3.45	4.12	7.45	6.57
5.95	5.99	5.59	6.10	7.50	7.08	4.97	5.46	5.78	5.58	4.83	6.11	6.36	4.46	7.98	7.19	4.94	6.75	3.34	5.82	4.16	5.80	5.15	4.68	4.55	3.26	5.78	6.19	6.23	7.32	4.73	6.44	7.85	7.12	4.25	5.93	6.16	5.15	6.45	7.63	7.95	7.66	6.23	7.26	7.82	5.11	5.54	4.14	3.33	4.08	7.44	6.53
5.95	5.99	5.56	6.08	7.48	7.05	4.95	5.41	5.80	5.52	4.83	6.10	6.30	4.40	7.97	7.11	4.92	6.75	3.26	5.80	4.13	5.86	5.19	4.67	4.60	3.27	5.77	6.16	6.26	7.35	4.65	6.47	7.86	7.12	4.24	5.92	6.15	5.11	6.44	7.60	7.92	7.65	6.20	7.29	7.79	5.10	5.48	4.10	3.25	4.13	7.44	6.49
5.95	5.96	5.52	6.07	7.45	7.01	4.94	5.36	5.83	5.43	4.83	6.06	6.25	4.34	7.96	7.05	4.90	6.79	3.23	5.81	4.11	5.91	5.20	4.66	4.67	3.31	5.73	6.12	6.26	7.37	4.64	6.50	7.84	7.10	4.24	5.88	6.15	5.09	6.43	7.57	7.88	7.68	6.18	7.32	7.75	5.10	5.39	4.06	3.19	4.19	7.44	6.44
5.95	5.94	5.49	6.07	7.41	7.00	4.83	5.32	5.92	5.34	4.83	6.05	6.20	4.27	7.93	6.99	4.92	6.80	3.21	5.78	4.09	5.95	5.20	4.69	4.65	3.42	5.69	6.14	6.27	7.41	4.66	6.53	7.86	7.09	4.26	5.83	6.17	5.07	6.40	7.51	7.83	7.69	6.15	7.34	7.72	5.07	5.32	3.99	3.15	4.23	7.43	6.39
5.92	5.90	5.44	6.06	7.37	6.95	4.82	5.28	5.95	5.24	4.82	6.00	6.14	4.21	7.89	6.93	4.95	6.80	3.20	5.76	4.10	6.01	5.18	4.74	4.67	3.49	5.68	6.13	6.28	7.43	4.67	6.55	7.88	7.07	4.33	5.78	6.25	5.07	6.39	7.44	7.78	7.70	6.14	7.36	7.69	5.01	5.27	3.89	3.13	4.23	7.42	6.35
5.91	5.88	5.38	6.04	7.33	6.89	4.80	5.23	5.97	5.20	4.80	5.99	6.08	4.16	7.88	6.85	5.00	6.84	3.21	5.73	4.12	6.05	5.15	4.76	4.64	3.50	5.68	6.13	6.25	7.49	4.66	6.56	7.89	7.05	4.41	5.72	6.19	5.08	6.36	7.38	7.73	7.72	6.10	7.39	7.65	4.94	5.21	3.78	3.10	4.24	7.41	
5.91	5.86	5.28	6.01	7.30	6.86	4.76	5.21	6.02	5.18	4.75	6.00	6.04	4.08	7.85	6.80	4.98	6.86	3.22	5.74	4.11	6.10	5.14	4.76	4.62	3.52	5.68	6.13	6.21	7.52	4.65	6.57	7.91	7.03	4.44	5.64	6.20	5.08	6.35	7.32	7.67	7.74	6.07	7.42	7.62	4.90	5.14	3.68	3.04	4.21	7.40	6.24
5.91	5.83	5.18	5.98	7.27	6.81	4.74	5.21	6.05	5.18	4.70	6.01	6.00	4.03	7.81	6.77	4.95	6.88	3.22	5.65	4.06	6.14	5.11	4.77	4.60	3.60	5.66	6.10	6.20	7.56	4.65	6.57	7.94	7.01	4.44	5.56	6.20	5.10	6.37	7.27	7.61	7.76	6.02	7.48	7.59	4.85	5.08	3.61	2.99	4.15	7.41	6.2
5.93	5.78	5.14	5.95	7.33	6.75	4.70	5.20	6.07	5.17	4.65	6.02	5.99	3.99	7.78	6.73	4.93	6.90	3.20	5.60	4.01	6.15	5.05	4.79	4.56	3.72	5.60	6.09	6.18	7.59	4.63	6.57	7.96	6.96	4.44	5.58	6.20	5.12	6.37	7.18	7.54	7.79	5.97	7.49	7.55	4.83	4.96	3.54	2.95	4.08	7.40	6.16
5.95	5.78	5.10	5.92	7.23	6.65	4.66	5.17	6.10	5.14	4.60	6.06	5.98	3.95	7.76	6.67	4.92	6.94	3.23	5.56	4.01	6.17	4.97	4.81	4.50	3.83	5.58	6.07	6.17	7.62	4.62	6.58	7.99	6.93	4.43	5.40	6.20	5.13	6.34	7.12	7.49	7.80	5.92	7.51	7.51	4.83	4.86	3.52	3.07	3.99	7.40	6.1
5.95	5.78	5.11	5.89	7.20	6.58	4.60	5.14	6.13	5.10	4.55	6.07	5.97	3.99	7.74	6.59	4.87	6.95	3.26	5.52	4.03	6.18	4.86	4.86	4.48	3.92	5.58	6.04	6.18	7.64	4.57	6.55	7.92	6.93	4.41	5.28	6.18	5.16	6.32	7.06	7.41	7.82	5.86	7.55	7.46	4.82	4.78	3.47	3.26	3.98	7.39	6.04
5.94	5.81	5.04	5.87	7.19	6.49	4.58	5.11	6.16	5.06	4.50	6.07	5.96	3.95	7.72	6.51	4.80	6.97	3.38	5.51	4.04	6.19	4.79	4.91	4.48	3.97	5.48	6.02	6.17	7.67	4.53	6.49	7.88	6.89	4.38	5.21	6.16	5.22	6.33	6.99	7.34	7.84	5.78	7.57	7.49	4.79	4.70	3.51	3.37	3.99	7.36	6.01
5.93	5.85	4.96	5.85	7.17	6.41	4.58	5.08	6.20	5.02	4.44	6.06	5.95	3.90	7.70	6.42	4.72	7.00	3.52	5.48	4.18	6.20	4.73	4.92	4.45	4.01	5.45	6.00	6.16	7.70	4.48	6.49	7.83	6.87	4.34	5.13	6.16	5.23	6.33	6.96	7.29	7.86	5.70	7.60	7.46	4.75	4.64	3.54	3.44	4.03	7.32	
5.91	5.85	4.84	5.85	7.14	6.34	4.61	5.07	6.24	4.96	4.36	6.04	5.95	3.87	7.69	6.36	4.64	7.02	3.66	5.43	4.25	6.21	4.72	4.93	4.42	4.00	5.42	5.86	6.15	7.71	4.50	6.49	7.80	6.85	4.32	5.10	6.15	5.24	6.33	6.89	7.25	7.88	5.64	7.63	7.43	4.72	4.59	3.51	3.46	4.08	7.30	5.86
5.90	5.87	4.74	5.87	7.12	6.23	4.63	5.11	6.25	4.92	4.30	6.03	5.94	3.85	7.68	6.29	4.60	7.04	3.75	5.37	4.32	6.21	4.75	4.92	4.39	3.95	5.40	5.80	6.15	7.74	4.47	6.49	7.79	6.84	4.34	5.10	6.09	5.26	6.33	6.82	7.23	7.89	5.59	7.66	7.40	4.74	4.52	3.52	3.62	4.08	7.26	5.79
5.90	5.90	4.65	5.85	7.10	6.08	4.65	5.08	6.27	4.88	4.25	6.00	5.91	3.86	7.64	6.22	4.56	7.05	3.81	5.30	4.33	6.17	4.79	4.89	4.37	3.88	5.39	5.74	6.14	7.77	4.40	6.60	7.80	6.83	4.35	5.10	6.03	5.28	6.32	6.75	7.18	7.90	5.59	7.69	7.37	4.71	4.49	3.56	3.78	4.10	7.25	5.725
5.88	5.91	4.56	5.84	7.06	6.05	4.70	5.13	6.31	4.88	4.20	5.98	5.87	3.88	7.62	6.13	4.53	7.05	3.87	5.25	4.34	6.18	4.86	4.90	4.36	3.83	5.33	5.68	6.16	7.79	4.27	6.62	7.82	6.80	4.38	5.07	5.95	5.32	6.29	6.69	7.15	7.91	5.56	7.73	7.33	4.67	4.44	3.50	3.86	4.15	7.22	5.65
5.84	5.92	4.49	5.84	7.02	5.98	4.72	5.10	6.31	4.88	4.11	5.94	5.85	3.96	7.60	6.05	4.53	7.05	3.90	5.19	4.36	6.17	4.93	4.90	4.28	3.82	5.26	5.63	6.19	7.82	4.16	6.63	7.82	6.76	4.43	5.04	5.87	5.35	6.25	6.61	7.11	7.90	5.53	7.75	7.30	4.60	4.40	3.47	3.90	4.22	7.20	5.58
5.81	5.94	4.41	5.82	6.97	5.91	4.75	5.07	6.32	4.90	3.93	5.93	5.81	4.06	7.58	5.97	4.55	7.05	3.88	5.09	4.39	6.17	4.94	4.89	4.21	3.73	5.22	5.82	6.24	7.84	4.11	6.64	7.77	6.73	4.47	5.02	5.77	5.38	6.22	6.52	7.10	7.91	5.49	7.78	7.27	4.54	4.36	3.37	3.95	4.28	7.16	5.515
5.79	5.93	4.37	5.83	6.90	5.84	4.77	5.05	6.33	4.95	3.77	5.91	5.78	4.16	7.55	5.91	4.53	7.05	3.90	4.99	4.41	6.16	4.96	4.87	4.11	3.70	5.20	5.82	6.28	7.84	4.03	6.65	7.72	6.71	4.49	4.97	5.74	5.39	6.16	6.45	7.08	7.92	5.43	7.80	7.27	4.50	4.30	3.24	3.92	4.32	7.12	5.465
5.76	5.91	4.25	5.85	6.85	5.74	4.82	5.04	6.35	4.97	3.73	5.87	5.74	4.23	7.51	5.88	4.51	7.06	3.91	4.89	4.47	6.13	5.01	4.83	4.02	3.65	5.18	5.82	6.36	7.85	3.93	6.65	7.70	6.70	4.50	4.93	5.74	5.38	6.10	6.38	7.05	7.93	5.36	7.83	7.26	4.45	4.24	3.18	3.88	4.36	7.07	5.45
5.70	5.89	4.20	5.86	6.82	5.69	4.86	5.04	6.35	4.92	3.81	5.80	5.67	4.31	7.49	5.84	4.47	7.08	3.95	4.82	4.52	6.13	5.05	4.79	3.96	3.68	5.15	5.77	6.40	7.86	3.82	6.64	7.69	6.70	4.50	4.90	5.74	5.41	6.05	6.32	7.02	7.94	5.28	7.87	7.28	4.31	4.19	3.15	3.83	4.36	7.00	5.45
5.69	5.83	4.14	5.89	6.77	5.62	4.90	5.05	6.35	4.87	3.88	5.74	5.58	4.37	7.45	5.81	4.43	7.09	3.99	4.77	4.56	6.15	5.08	4.76	3.89	3.65	5.09	5.72	6.40	7.86	3.73	6.64	7.68	6.69	4.50	4.85	5.77	5.42	5.97	6.29	7.00	7.95	5.22	7.92	7.32	4.24	4.10	3.18	3.78	4.36	6.98	5.46
5.66	5.79	4.14	5.95	6.74	5.56	4.95	5.06	6.32	4.79	3.95	5.64	5.49	4.46	7.41	5.79	4.40	7.05	4.01	4.69	4.62	6.17	5.07	4.71	3.84	3.83	5.04	5.59	6.44	7.85	3.63	6.64	7.57	6.69	4.49	4.74	5.77	5.43	5.90	6.26	7.00	7.96	5.17	7.99	7.30	4.25	4.03	3.03	3.69	4.36	6.94	5.46
5.63	5.76	4.18	6.00	6.70	5.52	4.98	5.08	6.30	4.69	3.97	5.56	5.45	4.50	7.38	5.78	4.37	7.05	4.03	4.59	4.69	6.18	5.05	4.64	3.93	3.88	5.00	5.47	6.48	7.83	3.61	6.64	7.52	6.70	4.49	4.66	5.73	5.44	5.81	6.23	6.98	7.97	5.14	8.02	7.29	4.26	4.00	3.03	3.55	4.36	6.82	5.46
5.62	5.78	4.28	6.04	6.68	5.43	5.00	5.10	6.28	4.62	4.00	5.50	5.41	4.48	7.34	5.72	4.40	7.05	4.05	4.49	4.80	6.19	5.06	4.60	4.04	3.89	4.97	5.37	6.50	7.83	3.67	6.63	7.49	6.69	4.49	4.61	5.72	5.44	5.71	6.20	6.94	7.98	5.11	8.05	7.27	4.28	3.99	2.99	3.44	4.36	6.84	5.455
5.56	5.79	4.32	6.05	6.64	5.31	5.05	5.09	6.25	4.56	4.05	5.47	5.38	4.53	7.25	5.68	4.44	7.04	4.04	4.38	4.92	6.20	5.06	4.54	4.16	3.93	4.94	5.29	6.50	7.82	3.71	6.61	7.46	6.68	4.49	4.55	5.74	5.43	5.68	6.14	6.89	7.98	5.04	8.10	7.26	4.33	3.96	2.95	3.39	4.31	6.78	5.435
5.53	5.82	4.31	6.06	6.60	5.19	5.12	5.05	6.25	4.50	4.10	5.40	5.36	4.50	7.20	5.67	4.50	7.03	4.04	4.25	5.02	6.20	5.06	4.43	4.27	3.99	4.90	5.21	6.53	7.80	3.75	6.59	7.43	6.67	4.50	4.52	5.76	5.41	5.64	6.09	6.85	7.98	4.91	8.13	7.23	4.38	3.96	2.93	3.43	4.27	6.74	5.425
5.53	5.82	4.26	6.08	6.57	5.08	5.15	5.02	6.25	4.46	4.10	5.35	5.34	4.46	7.15	5.67	4.53	7.02	4.04	4.13	5.14	6.22	5.05	4.38	4.33	4.08	4.86	5.13	6.61	7.79	3.76	6.56	7.42	6.68	4.49	4.41	5.78	5.39	5.60	6.04	6.80	7.98	4.87	8.16	7.20	4.41	3.96	2.87	3.40	4.27	6.70	5.421666667
5.54	5.83	4.23	6.10	6.55	4.98	5.18	5.00	6.23	4.39	4.12	5.28	5.30	4.40	7.07	5.65	4.58	7.02	4.04	4.07	5.23	6.20	4.99	4.33	4.38	4.13	4.78	5.06	6.65	7.78	3.78	6.53	7.40	6.69	4.48	4.37	5.83	5.38	5.59	5.99	6.77	7.99	4.81	8.20	7.19	4.41	3.96	2.79	3.33	4.36	6.65	5.416111111
5.51	5.84	4.26	6.14	6.54	4.84	5.20	4.99	6.25	4.32	4.14	5.22	5.25	4.37	6.99	5.64	4.62	7.01	4.03	4.00	5.30	6.22	4.96	4.24	4.42	4.18	4.64	4.99	6.67	7.77	3.79	6.51	7.36	6.69	4.45	4.31	5.87	5.40	5.54	5.93	6.74	7.99	4.79	8.24	7.18	4.44	4.00	2.72	3.26	4.46	6.60	5.4
5.43	5.83	4.24	6.12	6.52	4.74	5.23	4.98	6.25	4.28	4.22	5.17	5.19	4.41	6.91	5.61	4.72	7.00	4.07	3.96	5.39	6.25	4.93	4.14	4.43	4.23	4.58	4.96	6.68	7.74	3.64	6.48	7.33	6.70	4.44	4.23	5.88	5.45	5.49	5.89	6.73	7.97	4.83	8.30	7.16	4.49	3.99	2.70	3.14	4.54	6.56	5.41
5.36	5.83	4.44	6.13	6.48	4.63	5.28	4.96	6.22	4.25	4.32	5.16	5.12	4.46	6.85	5.61	4.80	6.97	4.16	3.90	5.44	6.29	4.90	4.09	4.44	4.24	4.46	5.00	6.71	7.73	3.51	6.46	7.30	6.69	4.39	4.08	5.88	5.47	5.45	5.88	6.71	7.97	4.92	8.35	7.14	4.51	3.92	2.78	3.10	4.54	6.51	5.405
5.35	5.85	4.47	6.17	6.45	4.51	5.34	4.98	6.20	4.19	4.44	5.14	5.02	4.51	6.78	5.58	4.85	6.94	4.26	3.85	5.48	6.33	4.87	4.08	4.46	4.23	4.34	5.03	6.73	7.72	3.39	6.43	7.26	6.69	4.35	3.99	5.88	5.48	5.42	5.83	6.71	7.97	4.97	8.40	7.13	4.52	3.90	3.12	3.20	4.54	6.46	5.385
5.37	5.87	4.45	6.15	6.46	4.47	5.35	5.01	6.18	4.08	4.57	5.14	4.92	4.53	6.72	5.56	4.85	6.92	4.36	3.77	5.52	6.35	4.86	4.12	4.48	4.24	4.25	5.09	6.78	7.70	3.33	6.40	7.23	6.69	4.28	4.00	5.87	5.50	5.42	5.79	6.73	7.97	5.01	8.45	7.09	4.53	3.91	3.22	3.26	4.51	6.43	5.345
5.31	5.88	4.45	6.13	6.47	4.45	5.36	5.07	6.17	3.97	4.64	5.14	4.81	4.55	6.65	5.50	4.79	6.89	4.45	3.65	5.53	6.40	4.85	4.13	4.47	4.27	4.10	5.08	6.80	7.68	3.28	6.38	7.20	6.67	4.15	4.03	5.85	5.44	5.42	5.75	6.73	7.95	5.05	8.49	7.10	4.54	3.93	3.31	3.28	4.49	6.44	5.305
5.30	5.88	4.45	6.15	6.51	4.50	5.37	5.12	6.17	3.90	4.69	5.15	4.70	4.54	6.63	5.44	4.73	6.87	4.50	3.60	5.58	6.42	4.85	4.13	4.45	4.30	4.30	5.07	6.83	7.66	3.20	6.35	7.16	6.65	4.02	4.00	5.84	5.35	5.41	5.67	6.75	7.94	5.05	8.51	7.08	4.53	3.96	3.37	3.27	4.45	6.43	5.235
5.24	5.88	4.49	6.16	6.56	4.50	5.40	5.14	6.13	3.87	4.75	5.14	4.60	4.53	6.60	5.37	4.67	6.85	4.53	3.59	5.59	6.46	4.83	4.10	4.45	4.32	4.42	5.05	6.87	7.64	3.16	6.31	7.13	6.63	3.90	3.97	5.76	5.31	5.38	5.60	6.76	7.93	5.03	8.55	7.05	4.52	4.02	3.41	3.32	4.43	6.36	5.215
5.19	5.81	4.60	6.17	6.55	4.47	5.42	5.18	6.11	3.82	4.80	5.11	4.50	4.51	6.55	5.29	4.60	6.84	4.57	3.57	5.60	6.48	4.80	4.13	4.44	4.34	4.44	5.06	6.90	7.61	3.26	6.28	7.12	6.60	3.78	3.92	5.74	5.22	5.35	5.55	6.75	7.92	5.04	8.56	7.05	4.55	4.24	3.45	3.31	4.41	6.31	5.185
5.16	5.77	4.72	6.18	6.52	4.43	5.42	5.23	6.12	3.76	4.81	5.10	4.47	4.50	6.53	5.21	4.56	6.81	4.59	3.57	5.60	6.51	4.81	4.21	4.38	4.35	4.44	5.11	6.93	7.60	3.34	6.26	7.12	6.58	3.68	3.85	5.70	5.13	5.34	5.56	6.76	7.91	5.06	8.57	7.01	4.63	4.37	3.46	3.26	4.38	6.30	5.145
5.09	5.71	4.81	6.21	6.53	4.44	5.43	5.27	6.13	3.73	4.81	5.06	4.45	4.49	6.52	5.14	4.46	6.80	4.59	3.56	5.60	6.57	4.82	4.27	4.32	4.42	4.46	5.14	6.96	7.58	3.42	6.25	7.12	6.57	3.60	3.84	5.67	5.07	5.35	5.44	6.76	7.89	5.11	8.57	6.97	4.70	4.44	3.50	3.20	4.38	6.28	5.13
5.05	5.67	4.84	6.25	6.53	4.50	5.45	5.30	6.16	3.70	4.81	5.00	4.51	4.51	6.57	5.03	4.37	6.79	4.60	3.56	5.58	6.60	4.80	4.27	4.25	4.44	4.51	5.17	7.03	7.55	3.43	6.24	7.10	6.54	3.54	3.70	5.63	4.94	5.41	5.43	6.76	7.88	5.16	8.57	6.96	4.77	4.48	3.50	3.13	4.36	6.24	5.1
5.02	5.64	4.89	6.26	6.53	4.50	5.48	5.30	6.19	3.73	4.81	4.93	4.60	4.52	6.42	4.95	4.32	6.77	4.60	3.58	5.58	6.61	4.79	4.27	4.20	4.43	4.55	5.18	7.07	7.54	3.39	6.21	7.09	6.51	3.49	3.60	5.59	4.80	5.46	5.43	6.77	7.88	5.18	8.56	6.89	4.82	4.52	3.50	3.14	4.34	6.23	5.01
4.99	5.59	4.94	6.26	6.54	4.50	5.50	5.28	6.20	3.74	4.82	4.85	4.66	4.53	6.37	4.88	4.34	6.75	4.66	3.71	5.57	6.63	4.77	4.26	4.15	4.41	4.61	5.18	7.11	7.52	3.29	6.20	7.09	6.47	3.46	3.58	5.55	4.80	5.50	5.39	6.79	7.88	5.20	8.55	6.84	4.85	4.55	3.57	3.13	4.30	6.23	4.96
4.95	5.57	5.02	6.25	6.57	4.56	5.50	5.26	6.21	3.67	4.82	4.81	4.72	4.54	6.34	4.83	4.39	6.74	4.76	3.80	5.55	6.65	4.74	4.24	4.14	4.40	4.67	5.19	7.13	7.49	3.27	6.19	7.09	6.43	3.41	3.59	5.53	4.78	5.50	5.39	6.81	7.89	5.24	8.55	6.80	4.84	4.61	3.55	3.08	4.25	6.24	4.9
4.93	5.54	5.09	6.24	6.57	4.68	5.54	5.21	6.21	3.65	4.84	4.75	4.75	4.55	6.30	4.79	4.36	6.73	4.83	3.85	5.52	6.70	4.71	4.20	4.16	4.36	4.67	5.20	7.15	7.48	3.28	6.21	7.09	6.37	3.37	3.62	5.49	4.75	5.48	5.41	6.83	7.88	5.28	8.55	6.77	4.87	4.67	3.59	3.09	4.21	6.24	4.86
4.91	5.51	5.13	6.26	6.57	4.78	5.55	5.13	6.25	3.70	4.87	4.67	4.76	4.55	6.26	4.72	4.28	6.74	4.90	3.87	5.50	6.71	4.69	4.10	4.16	4.33	4.62	5.20	7.17	7.46	3.30	6.23	7.09	6.29	3.35	3.70	5.44	4.72	5.48	5.42	6.85	7.87	5.33	8.55	6.76	5.00	4.73	3.60	3.14	4.19	6.24	4.78
4.90	5.45	5.17	6.28	6.58	4.86	5.55	5.05	6.28	3.70	4.91	4.57	4.76	4.55	6.24	4.60	4.25	6.74	4.95	3.93	5.47	6.73	4.67	4.02	4.11	4.32	4.61	5.18	7.19	7.43	3.33	6.24	7.09	6.23	3.37	3.88	5.41	4.72	5.50	5.40	6.87	7.86	5.41	8.55	6.74	5.05	4.77	3.59	3.26	4.16	6.23	4.74
4.89	5.39	5.21	6.29	6.59	4.86	5.60	4.99	6.32	3.70	4.91	4.47	4.76	4.54	6.22	4.52	4.29	6.73	4.99	3.99	5.42	6.76	4.68	3.93	4.02	4.31	4.61	5.17	7.23	7.41	3.38	6.25	7.09	6.16	3.43	3.97	5.44	4.73	5.49	5.36	6.92	7.85	5.47	8.53	6.73	5.09	4.79	3.64	3.28	4.07	6.22	4.695
4.92	5.30	5.26	6.30	6.60	4.90	5.64	4.92	6.33	3.61	4.89	4.41	4.80	4.52	6.23	4.50	4.34	6.73	5.04	4.03	5.36	6.78	4.70	3.82	3.94	4.29	4.61	5.15	7.26	7.40	3.38	6.24	7.09	6.08	3.45	4.05	5.46	4.72	5.51	5.36	6.94	7.85	5.50	8.52	6.70	5.11	4.83	3.74	3.30	3.99	6.21	4.665
4.90	5.29	5.30	6.32	6.63	4.95	5.65	4.82	6.34	3.68	4.84	4.30	4.85	4.46	6.23	4.50	4.40	6.72	5.09	4.00	5.33	6.81	4.69	3.75	3.87	4.30	4.67	5.17	7.29	7.39	3.40	6.23	7.09	6.05	3.46	4.02	5.46	4.78	5.53	5.39	6.96	7.85	5.51	8.50	6.69	5.15	4.91	3.89	3.33	3.92	6.20	4.68
4.86	5.28	5.30	6.35	6.65	5.00	5.68	4.72	6.38	3.77	4.79	4.27	4.91	4.38	6.23	4.49	4.43	6.73	5.13	3.98	5.32	6.85	4.70	3.73	3.81	4.31	4.68	5.18	7.32	7.39	3.38	6.24	7.06	6.00	3.44	3.88	5.45	4.65	5.55	5.51	6.98	7.85	5.49	8.49	6.69	5.21	4.95	4.01	3.45	3.83	6.18	4.68
4.78	5.33	5.30	6.38	6.67	5.04	5.72	4.65	6.41	3.83	4.75	4.27	4.97	4.30	6.23	4.43	4.48	6.74	5.17	3.95	5.31	6.87	4.74	3.79	3.68	4.28	4.71	5.16	7.34	7.36	3.32	6.28	7.06	6.01	3.43	3.89	5.44	4.65	5.56	5.52	7.01	7.85	5.46	8.48	6.67	5.23	5.02	4.15	3.53	3.78	6.18	4.65
4.68	5.39	5.32	6.39	6.70	5.07	5.81	4.61	6.45	3.87	4.69	4.30	5.00	4.25	6.22	4.34	4.52	6.74	5.19	3.95	5.31	6.89	4.77	3.85	3.59	4.22	4.78	5.16	7.35	7.35	3.25	6.31	7.06	6.01	3.46	3.98	5.44	4.67	5.56	5.54	7.05	7.85	5.43	8.46	6.65	5.26	5.08	4.27	3.53	3.82	6.17	4.585
4.67	5.40	5.38	6.43	6.71	5.02	5.86	4.67	6.52	3.83	4.63	4.31	5.05	4.20	6.26	4.32	4.57	6.75	5.20	3.93	5.28	6.94	4.84	3.92	3.51	4.21	4.77	5.13	7.37	7.34	3.20	6.32	7.06	6.03	3.51	4.06	5.45	4.71	5.57	5.55	7.08	7.85	5.41	8.44	6.65	5.29	5.10	4.35	3.53	3.88	6.17	4.56
4.67	5.46	5.40	6.45	6.71	5.01	5.90	4.72	6.53	3.77	4.59	4.33	5.11	4.15	6.30	4.30	4.61	6.74	5.22	3.96	5.26	6.96	4.92	4.03	3.41	4.20	4.76	5.10	7.38	7.33	3.14	6.33	7.07	6.07	3.52	4.12	5.44	4.73	5.54	5.55	7.12	7.86	5.41	8.42	6.65	5.31	5.11	4.36	3.53	3.98	6.19	4.55
4.73	5.52	5.43	6.48	6.73	5.01	5.93	4.79	6.57	3.70	4.50	4.42	5.18	4.10	6.34	4.30	4.62	6.73	5.21	4.01	5.24	6.99	5.01	4.18	3.35	4.23	4.74	5.09	7.39	7.32	3.00	6.34	7.07	6.10	3.55	4.21	5.41	4.75	5.51	5.53	7.14	7.87	5.41	8.40	6.61	5.31	5.12	4.40	3.48	4.06	6.20	4.53
4.78	5.57	5.43	6.52	6.77	5.06	5.96	4.85	6.63	3.65	4.45	4.50	5.29	4.05	6.36	4.30	4.61	6.70	5.22	4.06	5.22	7.01	5.15	4.21	3.30	4.29	4.71	5.09	7.40	7.31	2.88	6.35	7.05	6.12	3.43	4.34	5.39	4.77	5.49	5.54	7.16	7.88	5.39	8.39	6.61	5.30	5.16	4.37	3.48	4.15	6.20	4.57
4.83	5.63	5.42	6.56	6.80	5.08	6.01	4.91	6.65	3.61	4.44	4.54	5.38	4.12	6.37	4.28	4.61	6.68	5.22	4.11	5.27	7.02	5.23	4.25	3.27	4.35	4.70	5.10	7.42	7.27	2.87	6.35	7.05	6.16	3.46	4.35	5.50	4.78	5.47	5.55	7.20	7.88	5.35	8.38	6.61	5.27	5.21	4.29	3.48	4.21	6.17	4.56
4.87	5.65	5.40	6.57	6.82	5.08	6.06	4.96	6.69	3.61	4.29	4.57	5.43	4.22	6.39	4.26	4.61	6.67	5.20	4.15	5.32	7.04	5.25	4.31	3.22	4.37	4.71	5.11	7.40	7.27	2.93	6.34	7.04	6.20	3.54	4.38	5.28	4.79	5.46	5.57	7.24	7.89	5.33	8.39	6.58	5.24	5.23	4.21	3.48	4.28	6.16	4.53
4.90	5.69	5.37	6.61	6.85	5.03	6.09	4.99	6.70	3.60	4.18	4.60	5.45	4.28	6.41	4.30	4.65	6.65	5.22	4.17	5.36	7.07	5.30	4.35	3.20	4.39	4.72	5.11	7.41	7.27	2.96	6.31	7.02	6.23	3.62	4.42	5.22	4.75	5.46	5.62	7.28	7.91	5.32	8.40	6.54	5.22	5.26	4.18	3.45	4.30	6.13	4.515
4.91	5.73	5.30	6.64	6.90	5.00	6.13	5.01	6.73	3.64	4.10	4.62	5.49	4.33	6.44	4.30	4.72	6.61	5.24	4.20	5.37	7.11	5.36	4.35	3.21	4.39	4.73	5.11	7.42	7.29	2.99	6.33	7.03	6.27	3.71	4.42	5.13	4.77	5.46	5.62	7.30	7.94	5.29	8.41	6.52	5.22	5.28	4.12	3.45	4.35	6.11	4.51
4.94	5.76	5.23	6.68	6.95	4.95	6.15	4.97	6.75	3.65	4.07	4.63	5.52	4.33	6.44	4.30	4.79	6.60	5.25	4.48	5.42	7.15	5.41	4.36	3.27	4.39	4.78	5.10	7.41	7.29	3.04	6.38	7.04	6.32	3.78	4.30	5.08	4.78	5.44	5.62	7.32	7.95	5.26	8.41	6.53	5.21	5.32	4.04	3.43	4.39	6.10	4.59
4.92	5.79	5.22	6.71	6.97	4.90	6.20	4.96	6.78	3.62	4.00	4.60	5.54	4.32	6.45	4.28	4.83	6.59	5.25	4.09	5.45	7.18	5.44	4.37	3.30	4.37	4.86	5.06	7.40	7.29	3.04	6.37	7.05	6.35	3.84	4.26	5.04	4.82	5.41	5.62	7.34	7.95	5.20	8.41	6.51	5.21	5.36	3.96	3.38	4.49	6.10	4.69
4.95	5.80	5.17	6.74	7.00	4.87	6.24	4.96	6.82	3.56	3.94	4.59	5.59	4.30	6.45	4.30	4.87	6.59	5.30	4.05	5.47	7.22	5.47	4.36	3.25	4.37	4.95	5.03	7.40	7.27	3.09	6.37	7.05	6.37	3.86	4.20	5.07	4.88	5.40	5.64	7.35	7.95	5.14	8.41	6.49	5.17	5.39	3.89	3.35	4.61	6.11	4.705
4.98	5.80	5.13	6.76	7.04	4.85	6.28	4.96	6.84	3.50	3.90	4.56	5.61	4.29	6.45	4.34	4.92	6.58	5.32	3.97	5.47	7.25	5.53	4.39	3.24	4.37	5.02	4.99	7.40	7.30	3.24	6.38	7.07	6.40	3.90	4.17	5.03	4.90	5.39	5.66	7.36	7.96	5.10	8.41	6.45	5.13	5.43	3.81	3.40	4.70	6.15	4.82
5.00	5.82	5.06	6.77	7.05	4.80	6.31	5.02	6.88	3.43	3.81	4.53	5.65	4.30	6.45	4.39	4.93	6.60	5.46	3.92	5.47	7.28	5.57	4.41	3.31	4.40	5.07	4.98	7.41	7.29	3.38	6.40	7.08	6.43	3.92	4.13	5.01	4.98	5.37	5.68	7.37	7.97	5.08	8.41	6.40	5.11	5.45	3.75	3.38	4.74	6.17	4.895
5.02	5.85	5.01	6.79	7.07	4.77	6.36	5.08	6.90	3.31	3.77	4.52	5.70	4.28	6.45	4.51	4.93	6.63	5.45	3.90	5.45	7.35	5.60	4.46	3.37	4.47	5.17	4.95	7.39	7.30	3.50	6.43	7.08	6.48	3.97	4.09	5.08	5.09	5.33	5.68	7.37	7.99	5.05	8.41	6.36	5.06	5.47	3.69	3.38	4.77	6.17	4.915
5.02	5.86	4.94	6.80	7.08	4.73	6.42	5.09	6.94	3.17	3.77	4.57	5.73	4.27	6.46	4.60	4.90	6.61	5.48	3.87	5.46	7.38	5.64	4.48	3.25	4.42	5.15	4.94	7.36	7.30	3.57	6.45	7.09	6.51	4.07	4.05	5.11	5.22	5.30	5.70	7.39	8.00	5.04	8.40	6.33	5.01	5.51	3.66	3.41	4.77	6.18	4.95
5.04	5.91	4.87	6.84	7.10	4.75	6.45	5.14	6.96	3.05	3.76	4.60	5.75	4.26	6.47	4.70	4.90	6.63	5.52	3.83	5.43	7.41	5.69	4.49	3.14	4.43	5.23	4.91	7.33	7.28	3.59	6.44	7.10	6.54	4.16	4.03	5.11	5.36	5.27	5.72	7.40	8.00	5.06	8.39	6.30	4.97	5.53	3.71	3.38	4.78	6.19	5.04
5.06	5.94	4.79	6.85	7.12	4.70	6.49	5.19	6.99	3.00	3.79	4.61	5.78	4.24	6.47	4.78	4.90	6.65	5.57	3.80	5.43	7.43	5.73	4.51	3.06	4.43	5.33	4.86	7.33	7.26	3.57	6.44	7.12	6.57	4.24	3.99	5.09	5.38	5.22	5.74	7.40	8.01	5.10	8.39	6.28	4.94	5.56	3.84	3.32	4.83	6.22	5.13
5.09	5.96	4.75	6.85	7.16	4.70	6.55	5.22	7.03	2.93	3.85	4.62	5.80	4.25	6.48	4.83	4.91	6.66	5.61	3.78	5.44	7.44	5.77	4.55	3.10	4.41	5.37	4.80	7.31	7.24	3.53	6.45	7.14	6.60	4.35	3.94	5.16	5.47	5.19	5.77	7.40	8.04	5.12	8.40	6.27	4.87	5.56	4.05	3.27	4.85	6.24	5.175
5.11	6.00	4.77	6.87	7.18	4.69	6.58	5.24	7.06	2.88	3.90	4.68	5.85	4.29	6.48	4.89	4.91	6.68	5.65	3.75	5.42	7.46	5.79	4.55	3.25	4.40	5.43	4.75	7.30	7.23	3.42	6.46	7.16	6.62	4.44	3.94	5.17	5.53	5.17	5.81	7.39	8.05	5.16	8.41	6.32	4.77	5.57	4.29	3.20	4.90	6.24	5.21
5.12	6.03	4.80	6.88	7.21	4.69	6.60	5.31	7.09	2.85	3.90	4.75	5.89	4.35	6.49	4.94	4.92	6.70	5.66	3.70	5.42	7.50	5.82	4.52	3.41	4.41	5.50	4.72	7.29	7.21	3.38	6.47	7.17	6.65	4.50	3.94	5.15	5.56	5.15	5.83	7.40	8.09	5.20	8.43	6.33	4.70	5.57	4.40	3.15	4.93	6.24	5.275
5.10	6.05	4.86	6.89	7.24	4.77	6.64	5.36	7.12	2.80	3.90	4.80	5.92	4.41	6.49	4.98	4.94	6.70	5.66	3.65	5.40	7.52	5.86	4.49	3.59	4.46	5.57	4.71	7.27	7.20	3.26	6.49	7.18	6.68	4.54	3.94	5.15	5.59	5.13	5.85	7.40	8.10	5.20	8.44	6.33	4.64	5.56	4.46	3.13	4.96	6.24	5.335
5.09	6.06	4.97	6.92	7.26	4.75	6.66	5.41	7.15	2.76	3.85	4.83	5.95	4.51	6.50	5.00	5.00	6.73	5.67	3.60	5.40	7.55	5.91	4.45	3.75	4.51	5.62	4.67	7.26	7.18	3.10	6.50	7.23	6.68	4.55	3.90	5.18	5.66	5.14	5.86	7.38	8.10	5.17	8.46	6.35	4.59	5.57	4.51	3.13	4.96	6.25	5.36
5.09	6.06	5.06	6.93	7.28	4.78	6.70	5.47	7.16	2.80	3.86	4.87	5.97	4.62	6.47	5.00	5.05	6.76	5.69	3.61	5.40	7.57	5.98	4.43	3.92	4.57	5.65	4.64	7.24	7.16	2.99	6.53	7.26	6.70	4.61	3.94	5.19	5.68	5.15	5.89	7.36	8.10	5.15	8.48	6.33	4.49	5.58	4.54	3.18	4.96	6.26	5.4
5.05	6.06	5.11	6.95	7.29	4.78	6.74	5.52	7.18	2.84	3.92	4.87	6.02	4.71	6.47	5.00	5.09	6.80	5.70	3.71	5.43	7.61	6.03	4.46	4.04	4.62	5.69	4.64	7.24	7.14	3.10	6.57	7.31	6.74	4.65	4.10	5.21	5.72	5.19	5.90	7.35	8.10	5.12	8.51	6.33	4.47	5.58	4.65	3.23	4.97	6.26	5.405
5.03	6.04	5.16	6.95	7.31	4.79	6.76	5.61	7.20	2.91	4.00	4.89	6.06	4.75	6.45	5.02	5.13	6.83	5.70	3.79	5.45	7.64	6.07	4.48	4.10	4.66	5.73	4.64	7.23	7.13	3.29	6.58	7.33	6.76	4.67	4.21	5.22	5.71	5.20	5.91	7.35	8.08	5.12	8.54	6.33	4.53	5.58	4.73	3.28	4.97	6.26	5.435
4.96	6.02	5.21	6.96	7.31	4.77	6.82	5.66	7.24	3.05	4.11	4.92	6.08	4.77	6.44	5.02	5.17	6.85	5.70	3.85	5.45	7.68	6.11	4.49	4.18	4.69	5.75	4.65	7.21	7.12	3.51	6.59	7.35	6.78	4.72	4.28	5.24	5.75	5.19	5.92	7.35	8.06	5.12	8.56	6.32	4.57	5.56	4.80	3.33	4.96	6.27	5.465
4.87	6.02	5.26	6.97	7.33	4.75	6.84	5.74	7.24	3.17	4.28	4.94	6.10	4.80	6.43	5.04	5.23	6.87	5.72	3.91	5.47	7.71	6.14	4.52	4.27	4.74	5.78	4.68	7.19	7.11	3.73	6.62	7.37	6.81	4.76	4.30	5.29	5.77	5.19	5.92	7.35	8.05	5.09	8.60	6.31	4.61	5.57	4.86	3.37	4.94	6.29	5.51
4.78	6.03	5.30	7.09	7.35	4.77	6.85	5.82	7.27	3.23	4.42	4.98	6.14	4.80	6.41	5.05	5.21	6.89	5.73	3.96	5.51	7.74	6.19	4.55	4.36	4.78	5.79	4.83	7.17	7.09	4.02	6.66	7.40	6.86	4.78	4.31	5.33	5.77	5.21	5.92	7.32	8.05	5.05	8.62	6.31	4.62	5.58	4.92	3.33	4.93	6.30	5.54
4.72	6.03	5.37	7.01	7.35	4.79	6.90	5.90	7.29	3.31	4.53	5.03	6.18	4.81	6.38	5.03	5.20	6.90	5.76	4.05	5.56	7.78	6.24	4.60	4.44	4.81	5.80	4.95	7.16	7.09	4.25	6.70	7.44	6.87	4.83	4.31	5.35	5.77	5.27	5.94	7.31	8.04	4.98	8.63	6.31	4.61	5.57	4.95	3.28	4.92	6.30	5.56
4.65	6.02	5.48	7.03	7.35	4.80	6.93	5.96	7.30	3.46	4.66	5.07	6.21	4.83	6.35	5.05	5.19	6.92	5.77	4.13	5.60	7.79	6.29	4.61	4.49	4.88	5.83	5.03	7.16	7.09	4.41	6.72	7.46	6.91	4.87	4.32	5.41	5.77	5.34	5.94	7.31	8.03	4.91	8.64	6.29	4.61	5.55	4.95	3.20	4.91	6.29	5.605
4.65	6.05	5.52	7.04	7.35	4.85	6.97	6.03	7.32	3.60	4.77	5.10	6.23	4.83	6.30	5.09	5.19	6.95	5.80	4.17	5.60	7.81	6.32	4.64	4.60	4.94	5.80	5.12	7.13	7.06	4.33	6.74	7.47	6.94	4.93	4.48	5.52	5.82	5.41	5.90	7.28	8.03	4.80	8.66	6.27	4.60	5.52	4.94	3.10	4.88	6.30	
4.67	6.07	5.59	7.07	7.36	4.83	7.00	6.09	7.34	3.72	4.93	5.15	6.24	4.83	6.27	5.13	5.20	6.97	5.85	4.22	5.59	7.84	6.34	4.66	4.67	4.97	5.85	5.19	7.11	7.03	4.37	6.74	7.52	6.97	4.96	4.61	5.54	5.84	5.48	5.88	7.27	8.01	4.70	8.67	6.25	4.58	5.52	4.92	2.98	4.86	6.30	
4.72	6.10	5.67	7.08	7.36	4.79	7.05	6.14	7.36	4.07	5.03	5.20	6.26	4.84	6.23	5.15	5.21	7.00	5.87	4.28	5.61	7.88	6.37	4.66	4.69	5.01	5.87	5.23	7.10	7.03	4.43	6.75	7.54	6.99	5.01	4.67	5.58	5.86	5.52	5.85	7.26	7.99	4.57	8.70	6.25	4.54	5.53	4.87	2.83	4.88	6.53	
4.81	6.10	5.74	7.10	7.38	4.75	7.10	6.20	7.40	4.20	5.10	5.21	6.26	4.85	6.20	5.19	5.23	7.02	5.89	4.33	5.64	7.89	6.39	4.69	4.73	5.04	5.89	5.25	7.08	7.02	4.37	6.76	7.56	7.02	5.06	4.71	5.61	5.90	5.59	5.85	7.26	7.98	4.52	8.75	6.25	4.52	5.58	4.82	2.76	4.84	6.53	
4.86	6.10	5.77	7.11	7.42	4.92	7.16	6.27	7.41	4.23	5.15	5.25	6.26	4.93	6.17	5.25	5.23	7.06	5.92	4.42	5.67	7.91	6.43	4.74	4.77	5.04	5.85	5.27	7.07	7.00	4.33	6.77	7.59	7.06	5.06	4.67	5.67	5.92	5.64	5.83	7.26	7.97	4.35	8.77	6.25	4.49	5.63	4.79	2.76	4.84	6.36	
4.91	6.10	5.83	7.14	7.42	4.94	7.21	6.34	7.42	4.32	5.20	5.31	6.25	5.06	6.15	5.29	5.24	7.10	5.96	4.51	5.69	7.92	6.46	4.80	4.80	5.08	5.83	5.31	7.06	7.01	4.31	6.77	7.61	7.10	5.03	4.62	5.70	5.92	5.64	5.80	7.25	7.96	4.37	8.81	6.24	4.44	5.64	4.73	2.80	4.86	6.38	
4.92	6.10	5.88	7.16	7.42	4.92	7.25	6.43	7.45	4.43	5.24	5.34	6.24	5.18	6.12	5.34	5.26	7.12	5.99	4.61	5.73	7.93	6.48	4.87	4.87	5.09	5.83	5.33	7.01	7.00	4.32	6.77	7.66	7.11	5.03	4.58	5.73	5.93	5.66	5.79	7.23	7.96	4.47	8.85	6.25	4.40	5.66	4.68	2.88	4.88	6.39	
4.91	6.11	5.95	7.18	7.44	4.95	7.30	6.48	7.50	4.56	5.31	5.35	6.23	5.28	6.10	5.38	5.26	7.15	6.01	4.72	5.79	7.94	6.51	4.92	4.92	5.06	5.83	5.35	7.00	7.00	4.40	6.78	7.68	7.13	5.03	4.44	5.76	5.95	5.70	5.76	7.23	7.95	4.51	8.89	6.27	4.40	5.67	4.66	3.00	4.91	6.40	
4.90	6.14	6.01	7.20	7.44	4.98	7.35	6.53	7.52	4.66	5.40	5.36	6.24	5.36	6.08	5.40	5.25	7.16	6.03	4.79	5.86	7.95	6.52	4.99	4.95	5.04	5.82	5.39	6.97	6.99	4.41	6.79	7.71	7.17	5.03	4.46	5.78	5.96	5.74	5.74	7.23	7.94	4.47	8.89	6.29	4.40	5.67	4.69	2.96	4.92	6.41	
4.90	6.15	6.05	7.24	7.48	4.99	7.39	6.59	7.55	4.74	5.47	5.38	6.22	5.46	6.07	5.42	5.25	7.20	6.05	4.84	5.91	7.97	6.55	5.04	4.96	5.05	5.81	5.42	7.00	6.98	4.37	6.79	7.74	7.19	5.04	4.43	5.87	6.01	5.83	5.70	7.22	7.93	4.41	8.90	6.30	4.43	5.67	4.79	2.99	4.95	6.42	
4.90	6.17	6.17	7.27	7.50	5.00	7.44	6.63	7.57	4.87	5.55	5.40	6.21	5.55	6.07	5.45	5.24	7.23	6.07	4.90	5.95	7.97	6.58	5.12	5.00	5.10	5.79	5.47	6.97	6.96	4.33	6.79	7.77	7.20	5.09	4.41	5.92	6.04	5.78	5.65	7.22	7.93	4.34	8.90	6.31	4.50	5.67	4.87	3.04	5.00	6.42	
4.90	6.18	6.19	7.30	7.50	5.04	7.48	6.67	7.59	4.95	5.62	5.41	6.20	5.63	6.08	5.49	5.24	7.25	6.10	4.97	6.00	7.97	6.61	5.24	5.09	5.11	5.78	5.54	6.94	6.95	4.27	6.80	7.81	7.22	5.11	4.37	5.97	6.08	5.72	5.65	7.20	7.93	4.25	8.91	6.39	4.53	5.67	4.98	3.00	5.02	6.43	
4.90	6.20	6.24	7.33	7.52	5.08	7.54	6.73	7.61	5.04	5.70	5.44	6.20	5.68	6.08	5.55	5.24	7.26	6.15	5.06	6.03	7.96	6.64	5.31	5.14	5.12	5.78	5.63	6.92	6.94	4.21	6.81	7.84	7.24	5.15	4.34	6.01	6.12	5.74	5.60	7.23	7.93	4.18	8.93	6.41	4.57	5.65	5.10	3.00	5.04	6.44	
4.91	6.22	6.27	7.37	7.54	5.12	7.57	6.79	7.65	5.15	5.78	5.45	6.20	5.71	6.10	5.60	5.34	7.27	6.17	5.18	6.10	7.96	6.67	5.37	5.20	5.12	5.83	5.69	6.95	6.93	4.18	6.82	7.88	7.26	5.16	4.32	6.06	6.13	5.78	5.55	7.25	7.94	4.28	8.95	6.43	4.66	5.62	5.21	3.06	5.15	6.44	
4.91	6.26	6.33	7.38	7.55	5.15	7.60	6.83	7.68	5.27	5.80	5.45	6.19	5.75	6.12	5.65	5.34	7.29	6.20	5.32	6.11	7.96	6.70	5.44	5.24	5.13	5.85	5.73	6.97	6.93	4.23	6.83	7.91	7.28	5.16	4.39	6.11	6.19	5.80	5.54	7.25	7.94	4.36	8.96	6.47	4.69	5.60	5.30	3.15	5.26	6.44	
4.91	6.31	6.36	7.40	7.56	5.18	7.65	6.86	7.71	5.36	5.85	5.51	6.19	5.77	6.13	5.70	5.37	7.30	6.21	5.44	6.13	7.93	6.72	5.51	5.25	5.13	5.85	5.79	7.00	6.91	4.27	6.83	7.93	7.29	5.17	4.37	6.14	6.20	5.81	5.56	7.22	7.93	4.47	8.97	6.56	4.70	5.63	5.34	3.30	5.34	6.45	
4.91	6.33	6.38	7.43	7.57	5.23	7.68	6.91	7.74	5.45	5.91	5.55	6.19	5.81	6.14	5.73	5.38	7.32	6.21	5.50	6.15	7.95	6.75	5.59	5.28	5.14	5.85	5.85	7.02	6.90	4.43	6.83	7.95	7.30	5.18	4.36	6.19	6.22	5.85	5.58	7.23	7.92	4.59	8.98	6.62	4.72	5.69	5.39	3.38	5.46	6.45	
4.91	6.37	6.40	7.45	7.59	5.28	7.71	6.96	7.77	5.51	5.98	5.57	6.20	5.86	6.17	5.77	5.44	7.35	6.21	5.60	6.20	7.95	6.78	5.65	5.31	5.13	5.85	5.93	7.08	6.90	4.50	6.83	8.00	7.32	5.18	4.32	6.24	6.26	5.89	5.70	7.25	7.92	4.71	8.99	6.71	4.78	5.71	5.44	3.55	5.54	6.44	
4.95	6.39	6.45	7.46	7.60	5.30	7.76	7.01	7.80	5.57	6.02	5.60	6.24	5.90	6.19	5.80	5.45	7.37	6.21	5.65	6.22	8.04	6.79	5.73	5.31	5.13	5.84	5.97	7.12	6.92	4.57	6.83	8.02	7.33	5.21	4.31	6.26	6.31	5.89	5.76	7.27	7.91	4.76	9.01	6.76	4.85	5.74	5.47	3.75	5.56	6.44	
4.96	6.41	6.47	7.49	7.61	5.32	7.78	7.06	7.83	5.60	6.06	5.62	6.28	5.93	6.20	5.85	5.45	7.39	6.21	5.62	6.26	8.08	6.80	5.78	5.33	5.08	5.85	6.00	7.16	7.00	4.65	6.84	8.04	7.34	5.28	4.35	6.31	6.32	5.91	5.81	7.29	7.91	4.81	9.01	6.82	4.95	5.75	5.51	3.90	5.58	6.42	
5.00	6.43	6.51	7.50	7.62	5.35	7.82	7.11	7.86	5.64	6.12	5.67	6.31	5.94	6.22	5.86	5.46	7.42	6.22	5.86	6.31	8.05	6.82	5.82	5.33	5.03	5.85	6.02	7.17	7.02	4.68	6.88	8.06	7.35	5.36	4.37	6.37	6.33	5.95	5.84	7.34	7.90	4.85	9.00	6.89	5.01	5.77	5.52	3.96	5.63	6.41	
5.02	6.47	6.55	7.52	7.63	5.37	7.84	7.16	7.87	5.63	6.16	5.71	6.36	5.95	6.25	5.90	5.48	7.44	6.22	5.90	6.36	8.03	6.86	5.84	5.33	4.99	5.83	6.05	7.18	7.05	4.63	6.90	8.10	7.35	5.39	4.37	6.39	6.35	5.97	5.86	7.36	7.91	4.86	9.00	6.93	5.06	5.79	5.53	4.00	5.66	6.40	
5.07	6.48	6.66	7.55	7.64	5.38	7.89	7.22	7.90	5.63	6.20	5.75	6.40	6.00	6.27	5.97	5.51	7.45	6.23	5.95	6.39	8.00	6.87	5.89	5.31	4.96	5.84	6.09	7.20	7.09	4.63	6.90	8.14	7.35	5.45	4.49	6.43	6.38	6.01	5.91	7.40	7.92	4.91	9.00	6.97	5.11	5.80	5.57	4.03	5.70	6.38	
5.11	6.51	6.61	7.56	7.65	5.35	7.91	7.29	7.91	5.63	6.25	5.80	6.43	6.05	6.30	6.04	5.55	7.45	6.24	6.01	6.42	7.99	6.90	5.92	5.28	4.95	5.84	6.12	7.23	7.14	4.73	6.90	8.18	7.36	5.50	4.53	6.46	6.44	6.12	5.92	7.43	7.93	4.96	8.98	7.03	5.14	5.82	5.59	4.03	5.71	6.37	
5.18	6.55	6.65	7.59	7.66	5.28	7.96	7.36	7.94	5.64	6.29	5.86	6.45	6.05	6.32	6.10	5.60	7.46	6.26	6.05	6.46	7.98	6.91	5.98	5.25	4.96	5.86	6.15	7.25	7.17	4.76	6.90	8.20	7.36	5.53	4.56	6.49	6.48	6.24	5.94	7.44	7.93	4.99	8.96	7.07	5.22	5.83	5.61	4.03	5.72	6.38	
5.19	6.55	6.67	7.62	7.66	5.32	8.00	7.44	8.00	5.63	6.32	5.92	6.46	6.05	6.34	6.16	5.63	7.48	6.27	6.10	6.48	7.97	6.93	6.02	5.19	4.97	5.88	6.17	7.23	7.19	4.78	6.90	8.21	7.36	5.58	4.59	6.54	6.53	6.28	5.97	7.47	7.96	5.01	8.94	7.13	5.30	5.84	5.63	4.03	5.74	6.35	
5.20	6.57	6.75	7.64	7.67	5.30	8.03	7.49	8.03	5.65	6.35	5.97	6.50	6.05	6.39	6.21	5.64	7.50	6.29	6.16	6.51	7.99	6.94	6.05	5.13	4.95	5.90	6.21	7.24	7.18	4.78	6.90	8.23	7.35	5.62	4.66	6.55	6.54	6.28	6.02	7.50	7.99	5.03	8.92	7.18	5.34	5.86	5.67	3.96	5.75	6.35	
5.23	6.59	6.76	7.65	7.67	5.29	8.04	7.56	8.05	5.70	6.36	6.03	6.53	6.06	6.41	6.28	5.65	7.52	6.31	6.23	6.56	8.01	6.96	6.10	5.08	4.93	5.95	6.23	7.25	7.19	4.75	6.91	8.25	7.34	5.65	4.77	6.57	6.57	6.32	6.05	7.54	8.02	5.05	8.90	7.24	5.40	5.88	5.67	3.96	5.76	6.33	
5.31	6.61	6.80	7.65	7.67	5.35	8.05	7.62	8.05	5.75	6.42	6.07	6.58	6.06	6.44	6.33	5.67	7.54	6.36	6.27	6.60	8.01	6.98	6.13	5.05	4.94	5.97	6.28	7.26	7.20	4.77	6.92	8.29	7.33	5.70	4.84	6.62	6.62	6.45	6.10	7.57	8.04	5.05	8.88	7.31	5.42	5.89	5.66	3.96	5.78	6.33	
5.35	6.64	6.84	7.68	7.68	5.41	8.06	7.67	8.05	5.78	6.46	6.10	6.61	6.06	6.46	6.38	5.71	7.59	6.39	6.32	6.65	8.01	7.00	6.16	4.97	4.97	5.97	6.33	7.29	7.24	4.77	6.94	8.32	7.33	5.72	5.03	6.66	6.64	6.50	6.15	7.60	8.05	5.04	8.86	7.37	5.46	5.90	5.68	3.99	5.80	6.33	
5.45	6.65	6.89	7.70	7.69	5.30	8.06	7.71	8.08	5.83	6.50	6.16	6.64	6.07	6.48	6.40	5.75	7.62	6.41	6.35	6.68	8.01	7.02	6.20		4.98	5.98	6.37	7.31	7.26	4.77	6.95	8.37	7.33	5.75	5.16	6.71	6.70	6.55	6.18	7.64	8.06	5.06	8.85	7.43	5.52	5.92	5.67	3.99	5.85	6.33	
5.49	6.67	6.93	7.74	7.69	5.40	8.00	7.78	8.09	5.85	6.53	6.20	6.68	6.07	6.51	6.43	5.77	7.65	6.42	6.37	6.72	8.01	7.04	6.23	4.95	4.96	5.99	6.40	7.33	7.28	4.54	6.95	8.40	7.33	5.78	5.27	6.74	6.73	6.57	6.25	7.67	8.08	5.10	8.84	7.45	5.56	5.96	5.68	3.99	5.91	6.33	
5.51	6.70	7.00	7.78	7.70	5.40	8.06	7.83	8.10	5.90	6.57	6.25	6.71	6.08	6.56	6.46	5.80	7.65	6.42	6.39	6.75	8.02	7.08	6.27	4.97	4.97	6.00	6.41	7.36	7.27	4.43	6.96	8.42	7.33	5.81	5.43	6.74	6.75	6.62	6.31	7.71	8.10	5.11	8.84	7.49	5.59	5.97	5.66	3.98	5.95	6.34	
5.57	6.73	7.00	7.79	7.73	5.39	8.08	7.87	8.12	5.93	6.60	6.30	6.73	6.10	6.57	6.50	5.83	7.67	6.44	6.42	6.78	8.03	7.12	6.31	4.97	5.01	6.04	6.45	7.39	7.29	4.37	6.97	8.45	7.33	5.85	5.57	6.82	6.77	6.70	6.33	7.76	8.12	5.13	8.84	7.52	5.61	5.98	5.66	4.01	6.01	6.34	
5.63	6.75	7.06	7.82	7.76	5.44	8.09	7.93	8.14	5.97	6.65	6.31	6.74	6.12	6.59	6.55	5.86	7.68	6.47	6.45	6.82	8.03	7.14	6.33	4.98	5.04	6.06	6.47	7.40	7.30	4.32	6.98	8.47	7.33	5.89	5.57	6.85	6.79	6.70	6.39	7.80	8.14	5.16	8.84	7.54	5.63	5.99	5.66	4.08	6.05	6.35	
5.69	6.78	7.06	7.84	7.77	5.46	8.10	7.98	8.16	6.02	6.67	6.32	6.75	6.13	6.59	6.50	5.89	7.69	6.50	6.48	6.87	8.04	7.17	6.42	5.00	5.04	6.08	6.50	7.41	7.31	4.31	6.99	8.51	7.35	5.92	5.62	6.89	6.81	6.73	6.42	7.84	8.19	5.22	8.84	7.54	5.68	5.98	5.66	4.18	6.10	6.36	
5.73	6.80	7.11	7.86	7.80	5.50	8.10	8.02	8.17	6.05	6.69	6.33	6.76	6.15	6.60	6.63	5.92	7.70	6.50	6.50	6.91	8.04	7.19	6.41	5.02	5.09	6.12	6.53	7.42	7.33	4.28	7.01	8.53	7.34	5.95	5.69	6.90	6.84	6.75	6.44	7.88	8.21	5.30	8.82	7.54	5.71	5.98	5.66	4.30	6.13	6.36	
5.75	6.81	7.17	7.87	7.83	5.52	8.10	8.05	8.18	6.08	6.74	6.35	6.80	6.18	6.63	6.66	5.95	7.71	6.51	6.54	6.94	8.05	7.20	6.43	5.03	5.09	6.13	6.57	7.44	7.34	4.22	7.02	8.56	7.33	5.98	5.75	6.92	6.85	6.78	6.46	7.94	8.24	5.39	8.81	7.55	5.72	5.99	5.67	4.37	6.17	6.36	
5.78	6.83	7.24	7.90	7.85	5.58	8.08	8.07	8.20	6.13	6.77	6.38	6.82	6.19	6.63	6.69	5.98	7.75	6.53	6.55	6.97	8.06	7.23	6.48	5.04	5.06	6.16	6.59	7.46	7.36	4.18	7.03	8.60	7.33	6.00	5.81	6.96	6.91	6.81	6.50	7.98	8.27	5.45	8.79	7.56	5.73	6.02	5.70	4.48	6.20	6.37	
5.80	6.85	7.27	7.93	7.86	5.62	8.08	8.10	8.22	6.14	6.80	6.40	6.87	6.20	6.66	6.72	5.97	7.77	6.53	6.58	7.01	8.06	7.25	6.50	5.04	5.04	6.17	6.60	7.49	7.36	4.25	7.05	8.63	7.35	6.03	5.85	6.98	6.95	6.84	6.51	8.05	8.31	5.55	8.72	7.58	5.73	6.05	5.72	4.48	6.26	6.38	
5.82	6.87	7.33	7.95	7.89	5.60	8.07	8.15	8.24	6.21	6.81	6.43	6.90	6.21	6.70	6.74	5.96	7.80	6.53	6.61	7.05	8.05	7.28	6.52	5.05	5.05	6.18	6.63	7.52	7.35	4.31	7.06	8.64	7.35	6.07	5.98	7.00	7.00	6.87	6.54	8.12	8.34	5.66	8.72	7.59	5.74	6.08	5.76	4.52	6.28	6.227	
5.85	6.89	7.41	7.96	7.90	5.67	8.07	8.18	8.26	6.26	6.84	6.43	6.92	6.23	6.71	6.75	5.97	7.82	6.54	6.65	7.09	8.04	7.30	6.56	5.07	5.10	6.18	6.64	7.51	7.36	4.35	7.06	8.65	7.36	6.09	6.04	7.02	7.06	6.92	6.59	8.16	8.36	5.74	8.78	7.59	5.74	6.11	5.82	4.57	6.30	6.227	
5.88	6.90	7.43	7.98	7.92	5.73	8.06	8.20	8.28	6.30	6.86	6.46	6.96	6.25	6.73	6.76	5.96	7.84	6.54	6.67	7.14	8.04	7.32	6.59	5.13	5.11	6.20	6.67	7.51	7.36	4.39	7.07	8.67	7.38	6.10	6.09	7.06	7.11	6.95	6.63	8.21	8.39	5.77	8.79	7.61	5.74	6.13	5.84	4.62	6.31	6.227	
5.90	6.91	7.49	7.99	7.94	5.73	8.05	8.21	8.31	6.32	6.88	6.50	7.00	6.25	6.78	6.77	5.95	7.85	6.54	6.68	7.18	8.04	7.34	6.61	5.30	5.12	6.21	6.70	7.52	7.36	4.65	7.08	8.68	7.40	6.10	6.13	7.09	7.14	6.93	6.65	8.26	8.40	5.81	8.79	7.63	5.72	6.15	5.87	4.63	6.33	6.212	
5.90	6.93	7.56	8.01	7.97	5.76	8.05	8.23	8.34	6.34	6.90	6.54	7.05	6.28	6.80	6.77	5.95	7.86	6.54	6.71	7.21	8.03	7.34	6.64	5.38	5.15	6.22	6.71	7.55	7.37	4.78	7.09	8.70	7.40	6.10	6.15	7.10	7.15	6.93	6.67	8.31	8.42	5.87	8.81	7.64	5.70	6.15	5.91	4.63	6.34	6.237	
5.89	6.95	7.57	8.02	7.99	5.75	8.04	8.25	8.36	6.37	6.95	6.55	7.09	6.30	6.81	6.78	5.94	7.90	6.55	6.73	7.23	8.04	7.35	6.66	5.43	5.13	6.23	6.74	7.58	7.37	4.97	7.10	8.71	7.41	6.10	6.19	7.13	7.16	7.11	6.71	8.37	8.45	5.92	8.82	7.64	5.68	6.17	5.93	4.66	6.35	6.242	
5.90	6.97	7.58	8.03	8.01	5.86	8.03	8.27	8.40	6.40	6.96	6.58	7.12	6.32	6.83	6.80	5.92	7.94	6.57	6.75	7.25	8.05	7.36	6.67	5.45	5.13	6.24	6.75	7.60	7.37	5.05	7.11	8.72	7.42	6.11	6.23	7.16	7.20	7.14	6.75	8.42	8.49	5.97	8.82	7.66	5.65	6.18	5.98	4.66	6.38	6.257	
5.90	7.00	7.61	8.05	8.03	5.88	8.03	8.28	8.43	6.43	6.97	6.59	7.15	6.35	6.85	6.78	5.92	7.97	6.59	6.78	7.28	8.07	7.38	6.68	5.48	5.14	6.27	6.77	7.61	7.37	5.11	7.13	8.74	7.42	6.16	6.24	7.18	7.22	7.16	6.79	8.48	8.51	6.02	8.82	7.68	5.64	6.18	6.04	4.64	6.43	6.272	
5.90	7.01	7.63	8.07	8.05	5.90	8.03	8.30	8.45	6.44	7.02	6.60	7.21	6.37	6.87	6.76	5.93	8.02	6.62	6.79	7.31	8.09	7.38	6.70	5.50	5.13	6.28	6.79	7.64	7.36	5.19	7.15	8.75	7.42	6.21	6.25	7.19	7.25	7.22	6.83	8.55	8.53	6.05	8.82	7.68	5.66	6.19	6.08	4.63	6.44	6.292	
5.90	7.03	7.65	8.07	8.07	5.92	8.03	8.30	8.48	6.44	7.02	6.61	7.25	6.38	6.89	6.75	5.92	8.06	6.65	6.81	7.33	8.09	7.38	6.73	5.53	5.12	6.29	6.81	7.65	7.37	5.26	7.17	8.75	7.42	6.23	6.25	7.20	7.27	7.25	6.86	8.58	8.56	6.08	8.84	7.69	5.64	6.19	6.11	4.60	6.45	6.312	
5.90	7.05	7.66	8.08	8.08	5.95	8.02	8.31	8.49	6.44	7.06	6.63	7.29	6.38	6.91	6.74	5.91	8.11	6.65	6.83	7.35	8.10	7.37	6.74	5.56	5.08	6.31	6.81	7.67	7.38	5.34	7.19	8.73	7.42	6.24	6.26	7.22	7.31	7.29	6.89	8.63	8.57	6.10	8.86	7.71	5.65	6.16	6.14	4.50	6.47	6.332	
5.93	7.07	7.68	8.09	8.10	5.96	8.01	8.32	8.51	6.45	7.08	6.67	7.34	6.40	6.92	6.73	5.90	8.16	6.62	6.85	7.35	8.11	7.37	6.76	5.57	5.03	6.33	6.83	7.67	7.38	5.42	7.20	8.72	7.42	6.26	6.26	7.24	7.34	7.33	6.93	8.67	8.58	6.11	8.91	7.73	5.71	6.15	6.19	4.59	6.50	6.352	
5.96	7.08	7.69	8.13	8.12	5.96	8.05	8.34	8.52	6.45	7.10	6.68	7.43	6.38	6.93	6.72	5.88	8.20	6.63	6.87	7.37	8.11	7.36	6.77	5.57	4.99	6.35	6.85	7.68	7.42	5.43	7.22	8.72	7.41	6.27	6.26	7.27	7.37	7.37	6.97	8.73	8.60	6.10	8.95	7.77	5.73	6.13	6.24	4.61	6.55	6.372	
5.97	7.09	7.70	8.16	8.14	5.93	8.05	8.35	8.54	6.44	7.13	6.70	7.50	6.36	6.95	6.70	5.85	8.24	6.62	6.89	7.38	8.11	7.35	6.79	5.58	4.96	6.38	6.88	7.67	7.45	5.47	7.24	8.72	7.41	6.29	6.26	7.29	7.41	7.45	7.00	8.75	8.61	6.08	8.99	7.80	5.75	6.12	6.25	4.60	6.58	6.392	
6.02	7.10	7.72	8.20	8.14	5.93	8.05	8.35	8.56	6.43	7.14	6.71	7.54	6.33	6.92	6.69	5.81	8.27	6.64	6.90	7.40	8.10	7.35	6.79	5.60	4.95	6.40	6.90	7.67	7.48	5.42	7.25	8.72	7.41	6.31	6.26	7.31	7.43	7.52	7.02	8.79	8.61	6.07	9.03	7.82	5.76	6.11	6.26	4.67	6.60	6.412	
6.06	7.13	7.75	8.22	8.14	5.97	8.05	8.35	8.56	6.42	7.15	6.71	7.59	6.32	6.99	6.69	5.79	8.30	6.66	6.90	7.41	8.10	7.34	6.80	5.62	4.96	6.42	6.95	7.68	7.49	5.43	7.26	8.72	7.40	6.33	6.23	7.34	7.47	7.60	7.06	8.81	8.62	6.06	9.09	7.86	5.78	6.11	6.27	4.55	6.63	6.442	
6.09	7.15	7.76	8.22	8.15	5.95	8.06	8.38	8.60	6.38	7.17	6.72	7.63	6.34	7.01	6.62	5.76	8.32	6.65	6.90	7.41	8.11	7.34	6.82	5.63	4.97	6.48	6.96	7.68	7.52	5.40	7.28	8.72	7.39	6.36	6.22	7.36	7.49	7.65	7.09	8.84	8.62	6.05	9.15	7.90	5.79	6.10	6.27	4.55	6.64	6.462	
6.09	7.16	7.77	8.23	8.15	6.00	8.06	8.38	8.61	6.35	7.18	6.74	7.69	6.34	7.01	6.61	5.70	8.35	6.65	6.90	7.42	8.12	7.32	6.82	5.65	4.95	6.51	7.00	7.68	7.52	5.39	7.29	8.72	7.38	6.39	6.21	7.38	7.54	7.72	7.12	8.84	8.64	6.04	9.18	7.93	5.80	6.10	6.28	4.57	6.66	6.507	
6.10	7.19	7.77	8.23	8.15	6.02	8.06	8.38	8.62	6.30	7.22	6.74	7.72	6.35	7.02	6.58	5.65	8.37	6.65	6.92	7.41	8.13	7.30	6.81	5.67	4.93	6.54	7.03	7.71	7.53	5.41	7.31	8.72	7.38	6.40	6.17	7.40	7.58	7.78	7.16	8.83	8.65	6.01	9.23	7.97	5.80	6.10	6.30	4.58	6.71	6.542	
6.12	7.20	7.79	8.24	8.15	6.03	8.08	8.39	8.63	6.25	7.22	6.72	7.75	6.35	7.03	6.56	5.60	8.37	6.65	6.92	7.41	8.15	7.28	6.80	5.71	4.94	6.55	7.05	7.70	7.54	5.43	7.33	8.72	7.37	6.42	6.12	7.42	7.61	7.85	7.18	8.83	8.66	5.98	9.29	8.04	5.80	6.11	6.28	4.61	6.73	6.562	
6.13	7.20		8.24	8.14	6.03	8.09	8.39	8.63	6.18	7.24	6.70	7.79	6.35	7.04	6.52	5.57	8.37	6.63	6.91	7.41	8.17	7.24	6.81	5.74	4.97	6.58	7.05	7.68	7.51	5.43	7.34	8.71	7.35	6.44	6.07	7.44	7.64	7.93	7.21	8.81	8.67	5.94	9.30	8.13	5.80	6.12	6.30	4.64	6.75	6.592	
6.15	7.20		8.24	8.13	6.03	8.09	8.39	8.63	6.12	7.27	6.68	7.81	6.35	7.05	6.48	5.56	8.37	6.63	6.90	7.40	8.18	7.22	6.83	5.77	4.98	6.59	7.06	7.66	7.48	5.40	7.36	8.70	7.31	6.47	6.02	7.48	7.66	8.00	7.23	8.77	8.69	5.85	9.21	8.19	5.80	6.11	6.30	4.65	6.77	6.612	
6.17	7.20		8.24	8.12	6.03	8.10	8.39	8.63	6.04	7.28	6.65	7.83	6.35	7.06	6.45	5.55	8.36	6.65	6.89	7.39	8.19	7.20	6.83	5.79	4.97	6.60	7.09	7.61	7.27	5.37	7.38	8.69	7.32	6.47	5.98	7.49	7.68	8.06	7.25	8.75	8.73	5.86	9.13	8.25	5.79	6.10	6.30	4.66	6.80	6.642	
6.18	7.22		8.23	8.11	6.00	8.12	8.38	8.62	5.97	7.28	6.64	7.87	6.35	7.09	6.40	5.54	8.35	6.67	6.87	7.38	8.20	7.18	6.84	5.82	5.02	6.63	7.09	7.60	7.26	5.31	7.39	8.68	7.29	6.49	5.90	7.50	7.70	8.13	7.27	8.71	8.77	5.82	9.12	8.34	5.79	6.09	6.28	4.63	6.80	6.667	
6.18	7.23		8.24	8.09	5.98	8.12	8.38	8.61	5.90	7.30	6.60	7.90	6.36	7.09	6.35	5.53	8.31	6.67	6.85	7.38	8.22	7.17	6.85	5.82	5.07	6.66	7.10	7.58	7.25	5.28	7.40	8.68	7.28	6.50	5.84	7.52	7.71	8.21	7.29	8.66	8.80	5.77	9.15	8.40	5.78	6.09	6.25	4.58	6.84	6.672	
6.17	7.25		8.22	8.05	5.95	8.14	8.37	8.60	5.80	7.30	6.56	7.91	6.35	7.10	6.30	5.52	8.28	6.69	6.82	7.38	8.23	7.17	6.85	5.82	5.13	6.67	7.11	7.55	7.23	5.29	7.42	8.67	7.28	6.50	5.78	7.54	7.72	8.27	7.31	8.62	8.84	5.72	9.13	8.44	5.75	6.09	6.22	4.43	6.85	6.702	
6.16	7.25		8.20	8.00	5.90	8.14	8.37	8.59	5.74	7.29	6.53	7.91	6.33	7.10	6.22	5.50	8.26	6.71	6.78	7.38	8.26	7.17	6.86	5.82	5.17	6.69	7.11	7.53	7.23	5.28	7.42	8.66	7.26	6.49	5.70	7.56	7.73	8.32	7.31	8.59	8.87	5.64	9.13	8.48	5.73	6.10	6.20	4.45	6.89	6.727	
6.15	7.25		8.21	7.97	5.88	8.15	8.37	8.58	5.63	7.28	6.50	7.93	6.33	7.11	6.14	5.48	8.21	6.71	6.75	7.38	8.28	7.17	6.87	5.81	5.20	6.70	7.15	7.52	7.22	5.25	7.44	8.64	7.25	6.49	5.62	7.59	7.74	8.37	7.33	8.55	8.88	5.57	9.14	8.53	5.72	6.11	6.17	4.34	6.91	6.727	
6.13	7.25		8.22	7.93	5.85	8.18	8.37	8.57	5.54	7.26	6.47	7.92	6.32	7.11	6.03	5.49	8.19	6.73	6.70	7.37	8.30	7.15	6.88	5.81	5.25	6.72	7.15	7.51	7.15	5.25	7.48	8.63	7.24	6.48	5.53	7.60	7.75	8.43	7.34	8.51	8.89	5.42	9.12	8.56	5.69	6.11	6.16	4.19	6.93	6.727	
6.09	7.26		8.22	7.88	5.82	8.19	8.37	8.56	5.45	7.24	6.46	7.92	6.30	7.11	5.95	5.49	8.16	6.75	6.68	7.36	8.31	7.14	6.90	5.80	5.29	6.74	7.16	7.50	7.15	5.13	7.52	8.62	7.22	6.49	5.43	7.61	7.75	8.48	7.34	8.47	8.91	5.31	9.11	8.60	5.66	6.11	6.15	4.09	6.95	6.727	
6.07	7.26		8.22	7.83	5.77	8.21	8.36	8.54	5.34	7.23	6.44	7.94	6.29	7.12	5.89	5.50	8.10	6.76	6.64	7.36	8.32	7.11	6.91	5.78	5.31	6.77	7.16	7.50	7.12	5.07	7.53	8.61	7.20	6.51	5.35	7.61	7.75	8.51	7.34	8.43	8.93	5.24	9.12	8.65	5.61	6.10	6.14	4.00	6.97	6.727	
6.05	7.25		8.21	7.74	5.72	8.24	8.35	8.54	5.29	7.20	6.42	7.91	6.27	7.14	5.85	5.52	8.07	6.76	6.58	7.36	8.33	7.08	6.92	5.74	5.33	6.78	7.17	7.50	7.09	5.03	7.54	8.59	7.16	6.48	5.29	7.61	7.75	8.51	7.36	8.37	8.95	5.14	9.08	8.68	5.57	6.10	6.12	3.88	6.99	6.727	
6.01	7.25		8.21	7.69	5.67	8.27	8.34	8.50	5.22	7.14	6.40	7.89	6.23	7.13	5.80	5.55	8.05	6.76	6.54	7.37	8.33	7.06	6.92	5.71	5.35	6.80	7.17	7.47	7.07	5.01	7.56	8.57	7.12	6.49	5.25	7.61	7.74	8.51	7.38	8.32	8.95	4.98	9.17	8.73	5.49	6.10	6.10	3.78	7.00	6.727	
5.99	7.24		8.20	7.61	5.61	8.28	8.32	8.48	5.16	7.09	6.40	7.90	6.20	7.12	5.76	5.56	8.01	6.75	6.50	7.37	8.33	7.04	6.92	5.73	5.36	6.82	7.18	7.46	7.06	4.86	7.58	8.55	7.07	6.50	5.07	7.63	7.72	8.51	7.40	8.26	8.97	4.85	9.15	8.77	5.45	6.11	6.10	3.66	7.03	6.727	
5.95	7.23		8.18	7.52	5.55	8.29	8.30	8.45	5.08	7.05	6.39	7.87	6.18	7.12	5.75	5.59	7.95	6.74	6.45	7.36	8.33	7.02	6.92	5.66	5.36	6.84	7.18	7.42	7.04	4.73	7.59	8.53	7.02	6.51	5.00	7.65	7.71	8.49	7.43	8.22	8.97	4.70	9.17	8.79	5.32	6.11	6.10	3.56	7.04	6.727	
5.94	7.20		8.17	7.44	5.48	8.29	8.29	8.43	4.95	7.00	6.38	7.85	6.15	7.11	5.70	5.60	7.93	6.73	6.34	7.35	8.33	7.00	6.92	5.63	5.37	6.86	7.18	7.37	7.00	4.59	7.59	8.52	6.98	6.50	4.95	7.66	7.71	8.46	7.45	8.17	8.97	4.55	9.23	8.84	5.23	6.10	6.10	3.54	7.05	6.727	
5.92	7.19		8.16	7.35	5.45	8.28	8.28	8.41	4.83	6.94	6.38	7.80	6.11	7.10	5.66	5.60	7.90	6.72	6.25	7.34	8.33	6.96	6.92	5.59	5.38	6.87	7.17	7.33	7.00	4.37	7.60	8.51	6.94	6.49	4.77	7.66	7.70	8.41	7.46	8.12	8.95	4.43	9.21	8.89	5.19	6.10	6.10	3.38	7.07	6.727	
5.79	7.17		8.15	7.22	5.40	8.28	8.25	8.38	4.75	6.89	6.36	7.76	6.10	7.08	5.56	5.62	7.86	6.70	6.16	7.32	8.33	6.92	6.92	5.55	5.39	6.88	7.13	7.27	6.97	4.25	7.61	8.50	6.84	6.47	4.71	7.67	7.69	8.38	7.46	8.07	8.95	4.31	9.14	8.92	5.13	6.09	6.11	3.26	7.09	6.722	
5.72	7.13		8.14	7.12	5.34	8.28	8.21	8.35	4.72	6.81	6.34	7.72	6.07	7.07	5.46	5.62	7.81	6.67	6.09	7.31	8.32	6.87	6.90	5.49	5.38	6.92	7.12	7.21	6.93	4.03	7.62	8.48	6.80	6.45	4.72	7.67	7.69	8.34	7.46	8.02	8.98	4.17	9.11	8.95	5.09	6.08	6.12	3.15	7.09	6.702	
5.66	7.09		8.12	7.00	5.25	8.27	8.17	8.33	4.63	6.74	6.32	7.70	6.05	7.04	5.37	5.63	7.75	6.65	6.00	7.30	8.31	6.82	6.87	5.45	5.37	6.94	7.09	7.14	6.91	4.00	7.63	8.47	6.71	6.44	4.80	7.66	7.66	8.29	7.46	7.98	8.97	4.02	9.09	8.97	5.05	6.07	6.11	3.13	7.09	6.682	
5.54	7.05		8.11	6.89	5.20	8.25	8.13	8.31	4.58	6.69	6.30	7.64	6.03	7.03	5.29	5.63	7.69	6.59	5.92	7.28	8.31	6.76	6.85	5.40	5.35	6.99	7.06	7.12	6.90	3.78	7.63	8.46	6.64	6.47	4.90	7.66	7.64	8.24	7.46	7.94	8.96	3.89	9.06	8.97	5.02	6.06	6.11	3.13	7.10	6.637	
5.47	6.99		8.11	6.76	5.13	8.24	8.07	8.27	4.52	6.56	6.27	7.59	5.99	7.00	5.23	5.63	7.64	6.53	5.73	7.24	8.30	6.69	6.82	5.39	5.34	7.01	7.04	7.10	6.87	3.67	7.63	8.44	6.54	6.48	4.96	7.67	7.61	8.19	7.46	7.89	8.93	3.77	9.02	8.97	4.99	6.05	6.10	3.13	7.10	6.592	
5.38	6.93		8.09	6.64	5.10	8.22	8.02	8.24	4.44	6.47	6.24	7.52	5.94	6.98	5.17	5.62	7.60	6.46	5.73	7.19	8.29	6.62	6.78	5.34	5.32	7.02	7.00	7.07	6.82	3.59	7.63	8.44	6.43	6.48	5.13	7.67	7.58	8.13	7.46	7.84	8.89	3.72	8.97	8.96	4.90	6.03	6.09	3.15	7.10	6.552	
5.24	6.84		8.07	6.51	5.10	8.20	7.95	8.19	4.38	6.36	6.21	7.46	5.89	6.95	5.13	5.64	7.55	6.39	5.58	7.14	8.27	6.52	6.73	5.27	5.29	7.03	7.00	7.03	6.78	3.53	7.63	8.44	6.37	6.46	5.21	7.68	7.55	8.09	7.44	7.79	8.85	3.76	8.91	8.95	4.80	6.01	6.06	3.15	7.09	6.517	
5.17	6.79		8.05	6.39	5.10	8.19	7.89	8.14	4.29	6.22	6.17	7.42	5.83	6.93	5.07	5.62	7.50	6.29	5.42	7.10	8.25	6.41	6.67	5.22	5.25	7.03	6.94	6.99	6.73	3.39	7.64	8.43	6.31	6.46	5.24	7.67	7.53	8.05	7.44	7.74	8.82	3.86	8.87	8.94	4.71	5.99	6.02	3.11	7.08	6.457	
5.03	6.69		8.02	6.29	5.10	8.17	7.82	8.10	4.21	6.07	6.14	7.37	5.77	6.90	5.03	5.61	7.45	6.19	5.35	7.05	8.22	6.28	6.60	5.15	5.18	7.03	6.88	6.97	6.67	3.35	7.64	8.41	6.22	6.45	5.23	7.66	7.49	7.99	7.44	7.71	8.75	3.98	8.86	8.93	4.60	5.94	5.98	3.03	7.08	6.392	
4.96	6.54		8.00	6.19	5.10	8.16	7.73	8.08	4.12	5.92	6.11	7.32	5.72	6.83	4.99	5.60	7.38	6.09	5.24	6.99	8.20	6.17	6.53	5.08	5.08	7.03	6.79	6.94	6.60	3.34	7.64	8.40	6.11	6.48	5.19	7.65	7.45	7.94	7.45	7.67	8.70	4.10	8.81	8.91	4.56	5.89	5.92	2.82	7.08	6.327	
4.87	6.49		7.97	6.11	5.08	8.14	7.62	8.07	4.07	5.76	6.05	7.25	5.65	6.77	4.95	5.58	7.33	5.99	5.13	6.91	8.16	6.02	6.43	5.00	5.04	7.03	6.69	6.91	6.58	3.10	7.64	8.38	6.00	6.48	5.16	7.64	7.41	7.89	7.45	7.62	8.64	4.16	8.80	8.90	4.52	5.84	5.86	2.65	7.08	6.322	
4.81	6.38		7.96	6.05	5.05	8.09	7.53	8.05	3.99	5.63	5.98	7.19	5.60	6.74	4.92	5.57	7.27	5.88	5.01	6.81	8.12	5.96	6.35	4.90	4.88	7.02	6.60	6.88	6.55	2.83	7.63	8.37	5.93	6.49	5.12	7.62	7.39	7.84	7.39	7.58	8.58	4.19	8.77	8.91	4.48	5.80	5.79	2.58	7.07	6.277	
4.77	6.28		7.93	5.97	4.97	8.03	7.42	8.03	3.89	5.54	5.93	7.12	5.56	6.67	4.90	5.54	7.20	5.74	4.91	6.61	8.08	5.86	6.26	4.81	4.75	7.01	6.50	6.84	6.54	2.83	7.63	8.36	5.85	6.50	5.06	7.59	7.34	7.82	7.37	7.54	8.52	4.25	8.74	8.92	4.39	5.76	5.70	2.48	7.06	6.157	
4.75	6.18		7.89	5.92	4.87	8.04	7.30	8.00	3.78	5.38	5.86	7.04	5.54	6.61	4.86	5.50	7.11	5.62	4.82	6.39	8.03	5.79	6.17	4.70	4.62	7.00	6.40	6.76	6.52	2.89	7.62	8.35	5.80	6.48	5.03	7.56	7.27	7.75	7.35	7.49	8.45	4.29	8.73	8.90	4.32	5.73	5.60	2.33	7.02	6.067	
4.78	6.05		7.84	5.82	4.73	8.00	7.16	7.96	3.63	5.23	5.81	6.95	5.50	6.53	4.81	5.44	7.05	5.50	4.72	6.27	7.98	5.70	6.11	4.60	4.48	6.99	6.40	6.72	6.49	3.03	7.61	8.33	5.66	6.48	4.88	7.54	7.20	7.70	7.33	7.47	8.38	4.26	8.75	8.88	4.29	5.73	5.57	2.13	6.99	5.997	
